-2.040450288336868589e-01,-4.155841130568494468e-01,8.325893415271862219e-02
-2.040166355750701321e-01,-4.155893909661186325e-01,8.327179842777590602e-02
-2.039987619322816692e-01,-4.155956281405799868e-01,8.325761548974244808e-02
-2.040131332263840080e-01,-4.155964003845380450e-01,8.325365430809797407e-02
-2.040039800844042073e-01,-4.156097752471284434e-01,8.327704568790494921e-02
-2.039687136631041786e-01,-4.156101473798858859e-01,8.325723246163330149e-02
-2.039542108784091201e-01,-4.156208498725704192e-01,8.326368462955949235e-02
-2.039338883012122849e-01,-4.156210667690623528e-01,8.325326282084150042e-02
-2.039386172627866423e-01,-4.156228770224641988e-01,8.326931052689431900e-02
-2.039069258989868183e-01,-4.156529728875181240e-01,8.327133222402455237e-02
-2.038874283149274547e-01,-4.156555470310041578e-01,8.327335232798582787e-02
-2.038865972644180735e-01,-4.156670208884927220e-01,8.326880688190360646e-02
-2.038865972644180735e-01,-4.156670208884927220e-01,8.326880688190360646e-02
-2.038573969151022680e-01,-4.156625275066611613e-01,8.327781872713857503e-02
-2.038442643633114615e-01,-4.156577086846509062e-01,8.324426671140502942e-02
-2.038569762883423175e-01,-4.156875275221775246e-01,8.329462511468049835e-02
-2.038123806180045794e-01,-4.156738496909914149e-01,8.324939128292827006e-02
-2.037754384860069046e-01,-4.156748797885499447e-01,8.325781509879129350e-02
-2.037754384860069046e-01,-4.156748797885499447e-01,8.325781509879129350e-02
-2.037823875931843165e-01,-4.156772348500040182e-01,8.325988643873544204e-02
-2.037442241150133893e-01,-4.156776023865471070e-01,8.324281697599755780e-02
-2.037356214445912583e-01,-4.156972971878053480e-01,8.326672200577853178e-02
-2.037241299659900973e-01,-4.157146204774371800e-01,8.325987630680925511e-02
-2.036918037977686891e-01,-4.157022414018783918e-01,8.326974825735619645e-02
-2.037014558330724479e-01,-4.157216955208238862e-01,8.326268703265546356e-02
-2.036743780873753185e-01,-4.157242156132605060e-01,8.325577688594937298e-02
-2.036723571175556302e-01,-4.157297172871218249e-01,8.328049756671124237e-02
-2.036418744105709111e-01,-4.157438130988838632e-01,8.327964332073090059e-02
-2.036342459158304863e-01,-4.157282225404276832e-01,8.326476884794606348e-02
-2.036123917136059835e-01,-4.157529100737631933e-01,8.326959282145141028e-02
-2.036066169794813197e-01,-4.157558413965586896e-01,8.327034830192753256e-02
-2.035935927880334340e-01,-4.157472226187449715e-01,8.325955749476199319e-02
-2.035832488401351226e-01,-4.157593337247080800e-01,8.326184586662263576e-02
-2.035720348321732043e-01,-4.157657040389494685e-01,8.327222914919119034e-02
-2.035471478425498748e-01,-4.157845963636901954e-01,8.327367010576794404e-02
-2.035376931508763032e-01,-4.157789106469782503e-01,8.327622479599480765e-02
-2.035342058971654211e-01,-4.157846568422994271e-01,8.327928401828266214e-02
-2.035427594496641290e-01,-4.158040045418677777e-01,8.330255084449353364e-02
-2.035164830211485254e-01,-4.158055802748034102e-01,8.328172257174026871e-02
-2.034824469852145601e-01,-4.158073204269650547e-01,8.327246638180102467e-02
-2.034808358005641693e-01,-4.158254706021063396e-01,8.329863534847659068e-02
-2.034748956538665887e-01,-4.158071753692988426e-01,8.328612207556793101e-02
-2.034541045929104952e-01,-4.158141562778625011e-01,8.328070199277148866e-02
-2.034354250796887864e-01,-4.158364308520402508e-01,8.328611779640707202e-02
-2.034456647229271886e-01,-4.158311798647876256e-01,8.329270264090241072e-02
-2.034387835951790291e-01,-4.158334382266042351e-01,8.329629402748464639e-02
-2.034276615489244711e-01,-4.158541474179152653e-01,8.330350779279163675e-02
-2.033964918479663486e-01,-4.158371356375034633e-01,8.328172241887793481e-02
-2.034049013914170922e-01,-4.158826305535052170e-01,8.331609155114014231e-02
-2.033813145830883073e-01,-4.158717501009138728e-01,8.331079338344785090e-02
-2.033762092522047316e-01,-4.158571426685127026e-01,8.330718848490460682e-02
-2.033846693871054490e-01,-4.158783052579632655e-01,8.331945997675863080e-02
-2.033594125976382894e-01,-4.159147958221822150e-01,8.334927958085491806e-02
-2.033646107782211554e-01,-4.158910774074786043e-01,8.336482005900183734e-02
-2.033537274197004807e-01,-4.159150972795813694e-01,8.339779046735107393e-02
-2.033334319170567173e-01,-4.159122340681332686e-01,8.341764212464582162e-02
-2.033445699712750909e-01,-4.159330208302013943e-01,8.346591595086257087e-02
-2.032966797382749491e-01,-4.159261793934286300e-01,8.348389018980925669e-02
-2.032853485978451946e-01,-4.159501171399070385e-01,8.353928045986291906e-02
-2.032755542982695729e-01,-4.159550066599581597e-01,8.357572540263874528e-02
-2.033096261555103201e-01,-4.159787807404791704e-01,8.365212458544707408e-02
-2.032824710305331517e-01,-4.159988177083125405e-01,8.370989920302206178e-02
-2.032501119910191667e-01,-4.160404335227232409e-01,8.377283752143585560e-02
-2.032506643898570331e-01,-4.160694474041721769e-01,8.381887236595586543e-02
-2.032603240047552440e-01,-4.161049307202543956e-01,8.389186922731829699e-02
-2.032413681365201619e-01,-4.161352514415891934e-01,8.396230363278710251e-02
-2.032612494496595090e-01,-4.161967234718056408e-01,8.405482859282513430e-02
-2.032827204759583006e-01,-4.162469201918002626e-01,8.414844181467967532e-02
-2.032785337648332080e-01,-4.162775414657641226e-01,8.421225394447433288e-02
-2.033146730172457617e-01,-4.163389568873937518e-01,8.431616963441822266e-02
-2.033429150144615838e-01,-4.164004418126727169e-01,8.441575660812815352e-02
-2.033567921780668752e-01,-4.164721747523977835e-01,8.452056518829276222e-02
-2.033586927055086313e-01,-4.165212396788805504e-01,8.461070428358916096e-02
-2.034173315754936595e-01,-4.165756911230078519e-01,8.472621841132953191e-02
-2.034491063644385811e-01,-4.166429523366367849e-01,8.484267246797014272e-02
-2.035010150163255038e-01,-4.167122707232732148e-01,8.495097401219682542e-02
-2.035242021090205300e-01,-4.167712814596675197e-01,8.505116815262989127e-02
-2.035594534304121517e-01,-4.168616570023481183e-01,8.519461632024860620e-02
-2.036306923566442439e-01,-4.169248534946087270e-01,8.531280524349330041e-02
-2.036802981045994776e-01,-4.169899571384773629e-01,8.546634580457265762e-02
-2.037083975886122833e-01,-4.170592652473021911e-01,8.556569136608324633e-02
-2.037843800218985535e-01,-4.171524544972938786e-01,8.572685576874895796e-02
-2.038425905094698731e-01,-4.172196995163349187e-01,8.585722282659093152e-02
-2.039323971509884870e-01,-4.172817171244399548e-01,8.600802392791975781e-02
-2.039689656670372886e-01,-4.173715932131820683e-01,8.614847909016302985e-02
-2.040765660919904856e-01,-4.174598104449744884e-01,8.632601541741574680e-02
-2.041225597189992025e-01,-4.175135976521791026e-01,8.646644000542511033e-02
-2.041962188340133433e-01,-4.176149784432103829e-01,8.663353060773772152e-02
-2.042977905136036110e-01,-4.176846431530125137e-01,8.680183602524123299e-02
-2.043495033642073744e-01,-4.177706389580932433e-01,8.696385006231276138e-02
-2.044122464936917460e-01,-4.178192195358360062e-01,8.710641959658868561e-02
-2.044928402190298034e-01,-4.178926124875985693e-01,8.727733672597615122e-02
-2.045809717280559215e-01,-4.179633004174133637e-01,8.746723306411663401e-02
-2.046595953172877513e-01,-4.180542167337632509e-01,8.764356093231680245e-02
-2.047526741531486283e-01,-4.181351424482503965e-01,8.784167858705392573e-02
-2.048344886625252936e-01,-4.182051032342908314e-01,8.800969726883388355e-02
-2.049299869332445456e-01,-4.182821625189681591e-01,8.821188372187922788e-02
-2.050109264077566440e-01,-4.183547842274799589e-01,8.842605278821163983e-02
-2.050943827656158402e-01,-4.184337720997793886e-01,8.860576327728506008e-02
-2.051601464873526737e-01,-4.184902058858219753e-01,8.878204021982770422e-02
-2.052560355133992154e-01,-4.185815633075692932e-01,8.902033019562834160e-02
-2.053693658297627012e-01,-4.186476393940878893e-01,8.920883499897208635e-02
-2.054674015175253499e-01,-4.187324674377400080e-01,8.944172294695854064e-02
-2.055469156872718195e-01,-4.188083032435639952e-01,8.965607516715816405e-02
-2.056428418355923660e-01,-4.188903434811711568e-01,8.987803060004735667e-02
-2.057424979338563775e-01,-4.189643992184164945e-01,9.012656617400484349e-02
-2.058151784736136913e-01,-4.190353500741981763e-01,9.034438215064537203e-02
-2.059136984741958831e-01,-4.191258239715542899e-01,9.058980848380757123e-02
-2.060137590966235888e-01,-4.191860686960999782e-01,9.082973849769233887e-02
-2.060961538485215627e-01,-4.192689133511443011e-01,9.106872591157583186e-02
-2.061738218469296169e-01,-4.193337724872411854e-01,9.131583072238705356e-02
-2.062778819579483280e-01,-4.194117074509032261e-01,9.158200742014943607e-02
-2.063701215268435307e-01,-4.194901792918251937e-01,9.181974111709961806e-02
-2.064566544406762350e-01,-4.195720479500566480e-01,9.209618603525115965e-02
-2.065592970390778271e-01,-4.196473707323499225e-01,9.237461918551663487e-02
-2.066650590540888566e-01,-4.197418439984372807e-01,9.265218253825492634e-02
-2.067809587954808626e-01,-4.198223049292045261e-01,9.291649258446077475e-02
-2.068752214426964608e-01,-4.199229130765756990e-01,9.321718406590133454e-02
-2.069796349432455607e-01,-4.199942294563058787e-01,9.349446744871285631e-02
-2.070892163839387068e-01,-4.200845359006313839e-01,9.378725800621233455e-02
-2.071810102587703928e-01,-4.201732282653561357e-01,9.407005837473243759e-02
-2.073012510297797262e-01,-4.202756386712021008e-01,9.437945420959355236e-02
-2.074189826236224610e-01,-4.203521615550470658e-01,9.468757755363077511e-02
-2.075369259344636841e-01,-4.204388578879333926e-01,9.498530686269468504e-02
-2.076488034723499299e-01,-4.205393391829472804e-01,9.531633248163885741e-02
-2.077740388755720813e-01,-4.206376856682190746e-01,9.563188865722803411e-02
-2.078695512482124919e-01,-4.207182205804734787e-01,9.594005983602359178e-02
-2.080024602040026205e-01,-4.208195015420504448e-01,9.627778216486651552e-02
-2.081115312491763902e-01,-4.209325168811089979e-01,9.660297228291366001e-02
-2.082641593328151686e-01,-4.210261577378399678e-01,9.694423330700709107e-02
-2.084317986451924842e-01,-4.212065125935907650e-01,9.742230510213320538e-02
-2.085057006351103415e-01,-4.212480090234729802e-01,9.762097660414736922e-02
-2.086143756518712422e-01,-4.213146423757182513e-01,9.794372041040672050e-02
-2.087633692971893606e-01,-4.213935950815853038e-01,9.828470549196413608e-02
-2.088570400987168341e-01,-4.214908220912480519e-01,9.861200526719079984e-02
-2.090155331884245571e-01,-4.215966064580781159e-01,9.897810463994866081e-02
-2.091275597323295765e-01,-4.216944337658459219e-01,9.932292566406587808e-02
-2.092526329317292433e-01,-4.217788876925498975e-01,9.966104480478196748e-02
-2.093903380014783266e-01,-4.219029128345520574e-01,1.000392608264247668e-01
-2.095215190569744979e-01,-4.219973590145333353e-01,1.003875565442718665e-01
-2.096445412286015442e-01,-4.220938136576883881e-01,1.007499728080212820e-01
-2.097772739220256644e-01,-4.221996169089126116e-01,1.011300633897101453e-01
-2.099094270370452375e-01,-4.223239494992304111e-01,1.014855257563797158e-01
-2.100591416174394377e-01,-4.224247745313509106e-01,1.018667938364435643e-01
-2.101900424323995542e-01,-4.225369039426760120e-01,1.022527237721246596e-01
-2.103277456515519894e-01,-4.226435362997481571e-01,1.026356945096005280e-01
-2.104537084905417910e-01,-4.227362419700333995e-01,1.030208606517148129e-01
-2.105860745589060723e-01,-4.228406634126201102e-01,1.034007001438144585e-01
-2.107088931016886379e-01,-4.229549567643395847e-01,1.037940310111058473e-01
-2.108656743221828389e-01,-4.230346592633649760e-01,1.041779740892836287e-01
-2.109901737309473058e-01,-4.231369372703685516e-01,1.045821792307656123e-01
-2.110963978939128516e-01,-4.232176435296776118e-01,1.049366030588466114e-01
-2.112451771703109382e-01,-4.233279138553932008e-01,1.053646945056872786e-01
-2.113960791533542882e-01,-4.234134008613581468e-01,1.057627034076104450e-01
-2.115045983513593741e-01,-4.235034458761295362e-01,1.061757390551516939e-01
-2.116407261920358329e-01,-4.235937125292136285e-01,1.065813802255157899e-01
-2.117628816922762780e-01,-4.236797528046827299e-01,1.069609380985872549e-01
-2.118951211100537357e-01,-4.237819431788045210e-01,1.073887142345435197e-01
-2.120289484472518138e-01,-4.238793757784595773e-01,1.077930291787137229e-01
-2.121762422581807972e-01,-4.239547765645353961e-01,1.082137249116842392e-01
-2.122879603317957831e-01,-4.240300557000976078e-01,1.086404348806257747e-01
-2.124122162895098753e-01,-4.241228551776379807e-01,1.090624840640510018e-01
-2.125586357854871156e-01,-4.241912919034399598e-01,1.094824815777358656e-01
-2.127121307490323632e-01,-4.242881803712250655e-01,1.099192679740207262e-01
-2.128155577833765466e-01,-4.243528005077700782e-01,1.103244910287287384e-01
-2.129483514785180664e-01,-4.244503424350092868e-01,1.107664697657686909e-01
-2.130793629651944465e-01,-4.245167293756742510e-01,1.112002062755564208e-01
-2.132072259091682132e-01,-4.246020272219337421e-01,1.116126512425369977e-01
-2.132944586700508960e-01,-4.246623661913095926e-01,1.120236427094715576e-01
-2.134168490650181493e-01,-4.247410857668252326e-01,1.124555874313571957e-01
-2.135617805700436578e-01,-4.248299935499287305e-01,1.128920370103231458e-01
-2.136824931261309957e-01,-4.249461150566183898e-01,1.133531346466458423e-01
-2.139085088698826076e-01,-4.251134168016911241e-01,1.140536691755023035e-01
-2.139851403429930965e-01,-4.251761816176857778e-01,1.144607782660788109e-01
-2.139983841968911837e-01,-4.251766194783223596e-01,1.146184900701316539e-01
-2.141180462496860004e-01,-4.252701767456045778e-01,1.150713865168169481e-01
-2.143189107336508081e-01,-4.254202067646524199e-01,1.157885024601095769e-01
-2.143256915868466117e-01,-4.254204309492983782e-01,1.159390878862142787e-01
-2.145401103986789293e-01,-4.255922614612571153e-01,1.166937646789066585e-01
-2.146730253595953153e-01,-4.256978580861632833e-01,1.171522949031193195e-01
-2.147813231686190594e-01,-4.257912307122182494e-01,1.175968018013915234e-01
-2.148755485943290300e-01,-4.258875945631250826e-01,1.180363930695214336e-01
-2.150057133951941146e-01,-4.259943188581077345e-01,1.185168659762648874e-01
-2.151215558639987258e-01,-4.260799530713085259e-01,1.189661580758141768e-01
-2.152269147394904603e-01,-4.261815077213010339e-01,1.194221121426250198e-01
-2.153521447654596355e-01,-4.262682096446817614e-01,1.198793384625992386e-01
-2.154569952347430151e-01,-4.263573973677378670e-01,1.203347406683718396e-01
-2.155572460450167482e-01,-4.264748099895351308e-01,1.207782027716819001e-01
-2.156603683448911069e-01,-4.265576841815940101e-01,1.212297909212438768e-01
-2.158032792218262663e-01,-4.266525805235743540e-01,1.217208080012638499e-01
-2.159167817703800396e-01,-4.267680963844434072e-01,1.221933578263655618e-01
-2.160345976715423444e-01,-4.268520888613654418e-01,1.226373313533354881e-01
-2.161449979290120116e-01,-4.269599295347712986e-01,1.231130490822306550e-01
-2.162880161450219385e-01,-4.270598724291104764e-01,1.235640622738350819e-01
-2.164014829421415098e-01,-4.271555165013593003e-01,1.240393065766154795e-01
-2.165068610417625605e-01,-4.272537913033772061e-01,1.245251226021458074e-01
-2.166377997799738275e-01,-4.273395676056064296e-01,1.249814984235109033e-01
-2.167239456975360024e-01,-4.274240917123134365e-01,1.254731920523743938e-01
-2.168454968999452837e-01,-4.275110685064988369e-01,1.259189455312867689e-01
-2.169536083952496031e-01,-4.275886222345953169e-01,1.264049044939386801e-01
-2.169557729051897754e-01,-4.275886235579479111e-01,1.265185781295688761e-01
-2.171666520861812166e-01,-4.277652637271804337e-01,1.273659053883418324e-01
-2.173082220687555521e-01,-4.278584134669153327e-01,1.278594106672736042e-01
-2.174301875793753225e-01,-4.279498088371904152e-01,1.283306509298129949e-01
-2.175785382277883040e-01,-4.280632465703231304e-01,1.288463741828416165e-01
-2.177207979095398260e-01,-4.281171897030167650e-01,1.293440537457524742e-01
-2.178271665983618210e-01,-4.282100161762928958e-01,1.298216771360599098e-01
-2.179660215877164964e-01,-4.282904984360612066e-01,1.303234279006583729e-01
-2.181236115705326162e-01,-4.283809965305641621e-01,1.308221190315918547e-01
-2.182952595359040349e-01,-4.284811414027275833e-01,1.313455381987159720e-01
-2.184536784095265638e-01,-4.285774602337944494e-01,1.318441677770147424e-01
-2.185969515351880721e-01,-4.286891603624422564e-01,1.323561088402329111e-01
-2.187602567404563214e-01,-4.287725845158270044e-01,1.328584192827355070e-01
-2.189238349423796026e-01,-4.288576200731621935e-01,1.333685653926650339e-01
-2.190733214585298960e-01,-4.289363760359922728e-01,1.338583736213933839e-01
-2.192354225437800341e-01,-4.290458325263847295e-01,1.343670214838380839e-01
-2.194085563350875179e-01,-4.291258401057997385e-01,1.348944602550193328e-01
-2.195513717748261151e-01,-4.292193187811680355e-01,1.353767187472241784e-01
-2.197263075168537083e-01,-4.293359550203180719e-01,1.359134980143178184e-01
-2.198865067132430018e-01,-4.294000093905241955e-01,1.364184216634776736e-01
-2.200538100745057513e-01,-4.294940811379550083e-01,1.369140784772124586e-01
-2.202049676485268725e-01,-4.295910054347655826e-01,1.374274936663244517e-01
-2.203729213581732127e-01,-4.296811878675933505e-01,1.379374497278350042e-01
-2.205159684163383593e-01,-4.297605629386491155e-01,1.384589751544966496e-01
-2.206658667054029188e-01,-4.298374909112108178e-01,1.389715061000524887e-01
-2.207898341898330563e-01,-4.298791216641876245e-01,1.394473185421620798e-01
-2.209577297573138144e-01,-4.299618141670773497e-01,1.399678213322053666e-01
-2.210987298773203491e-01,-4.300161126052918781e-01,1.404761305623895562e-01
-2.212667459231914269e-01,-4.300953738807237192e-01,1.410144210051795521e-01
-2.214163732417473440e-01,-4.301535339014078141e-01,1.415433469754114881e-01
-2.215578473825140227e-01,-4.302087595988146607e-01,1.420431445383431579e-01
-2.216990662242770416e-01,-4.302186496703985785e-01,1.425281919914383189e-01
-2.218059404294788206e-01,-4.302743174053139663e-01,1.430628465075045319e-01
-2.219361988856123902e-01,-4.303096908918347396e-01,1.435913769165500509e-01
-2.220751321144773249e-01,-4.303737200520381112e-01,1.441103273535621343e-01
-2.221967158609495785e-01,-4.304147787597491503e-01,1.446273316902899342e-01
-2.223255529466228453e-01,-4.304688236283355507e-01,1.451527579253695244e-01
-2.224897403111935623e-01,-4.304870060379494268e-01,1.456709528289848454e-01
-2.226415387227009546e-01,-4.305381236752486296e-01,1.462251059821378929e-01
-2.227520834966124630e-01,-4.305976049948402884e-01,1.467717108948619065e-01
-2.228922867700575405e-01,-4.306086552428841085e-01,1.473130449516713847e-01
-2.230503799602870652e-01,-4.306469789325618747e-01,1.478461172492542275e-01
-2.231944584576499579e-01,-4.306876945623167030e-01,1.484055939401308644e-01
-2.233262067985733457e-01,-4.307369039825411638e-01,1.489643367207741931e-01
-2.234491686494254892e-01,-4.307536792048951568e-01,1.495000153655905162e-01
-2.236176024792698169e-01,-4.308019219077148243e-01,1.500779150349896840e-01
-2.237490539281851987e-01,-4.308315042049128407e-01,1.506360759920815640e-01
-2.239061890605182903e-01,-4.308584877684816239e-01,1.512147903712288688e-01
-2.240451945318474303e-01,-4.308987076473957956e-01,1.517967919528221410e-01
-2.241569697552260876e-01,-4.309267340116083589e-01,1.523571167610987265e-01
-2.243029482902657856e-01,-4.309560453763396914e-01,1.529519914471084985e-01
-2.244457165396377407e-01,-4.310018374647755501e-01,1.535287220103574990e-01
-2.245831402063615811e-01,-4.310368984475609899e-01,1.541160406638222291e-01
-2.247432917169764344e-01,-4.310932968142164312e-01,1.547451648073861208e-01
-2.248878466161749745e-01,-4.311196553689050082e-01,1.553240138673548931e-01
-2.250132030109019132e-01,-4.311614759394400975e-01,1.559183358108870709e-01
-2.251565786174581085e-01,-4.311989900179120649e-01,1.565116362945208339e-01
-2.253093234300073966e-01,-4.312453204830001829e-01,1.571507474688982886e-01
-2.254220922538273109e-01,-4.312791931236862331e-01,1.577313901774210769e-01
-2.255887710445890204e-01,-4.313367081807317205e-01,1.583589068272347189e-01
-2.257457855916189804e-01,-4.313869511561493897e-01,1.589768240126198939e-01
-2.258744537018923526e-01,-4.314149679216193189e-01,1.595788394038787916e-01
-2.260448149192177958e-01,-4.314532077737353588e-01,1.602028046190063781e-01
-2.261841262709779754e-01,-4.314694722753086298e-01,1.608099544681901583e-01
-2.262902907884228598e-01,-4.314891592394741182e-01,1.614140037414704132e-01
-2.264776614496217810e-01,-4.315264213583705488e-01,1.620537583170722773e-01
-2.266150274764181238e-01,-4.315358936459674499e-01,1.626573101413081590e-01
-2.267647970552892078e-01,-4.315880638977879213e-01,1.632973944638871633e-01
-2.269395785689520828e-01,-4.315989663062018700e-01,1.639222305826022186e-01
-2.271096646615715919e-01,-4.316162434866822606e-01,1.645275890047167844e-01
-2.272677209053672598e-01,-4.316302253371014364e-01,1.651543794285181277e-01
-2.274684796989173419e-01,-4.316592440522917240e-01,1.657845509696758424e-01
-2.276290793476035135e-01,-4.316613599431682879e-01,1.664074068871982948e-01
-2.278195552456780404e-01,-4.316829982490600348e-01,1.670493854171302417e-01
-2.280471328574528167e-01,-4.317119809916022399e-01,1.676897822365229773e-01
-2.282446857668074536e-01,-4.317215584843541176e-01,1.683220843095294406e-01
-2.284488352434398684e-01,-4.317463314557685727e-01,1.689627064100378273e-01
-2.286280719930919025e-01,-4.317422637142132591e-01,1.695909880972852335e-01
-2.288197654909587819e-01,-4.317502103630956878e-01,1.702321260611028841e-01
-2.290593787396816849e-01,-4.317688578937888266e-01,1.708755128267013257e-01
-2.292620603633268028e-01,-4.317799503284609486e-01,1.715150849654921983e-01
-2.294899004639625040e-01,-4.317957417012594501e-01,1.721765566074390519e-01
-2.297295727995015691e-01,-4.318264364920941234e-01,1.728457511183867368e-01
-2.299521845582481183e-01,-4.318411097060447235e-01,1.735122773427729137e-01
-2.301724908209294151e-01,-4.318459083000656396e-01,1.741528940429340755e-01
-2.303608007855019180e-01,-4.318443221471647275e-01,1.747969938589203909e-01
-2.305855586998117879e-01,-4.318589753277923271e-01,1.754799338182455870e-01
-2.308161406778551639e-01,-4.318504929619317867e-01,1.761289364226947540e-01
-2.310255521506540122e-01,-4.318417055995563136e-01,1.767966310626212789e-01
-2.312330278819900164e-01,-4.318509807250084931e-01,1.774530231980145922e-01
-2.314353345646524562e-01,-4.318322669977072703e-01,1.781033838558069293e-01
-2.316670445645563903e-01,-4.318284318729612159e-01,1.787796950902653115e-01
-2.318412465231337316e-01,-4.318011577863756778e-01,1.794280139681494746e-01
-2.320515665884540224e-01,-4.317785653765850995e-01,1.801013333928186688e-01
-2.322527857685003638e-01,-4.317674364296593126e-01,1.807639900645690578e-01
-2.325080457693143587e-01,-4.317825716375197076e-01,1.814754121814401433e-01
-2.327267231403217784e-01,-4.317826479765062841e-01,1.821609588464187246e-01
-2.328929760484881595e-01,-4.317777811727250281e-01,1.828258281654345230e-01
-2.331306068139136489e-01,-4.317546357993454209e-01,1.835082013386303557e-01
-2.333411989300999134e-01,-4.317439280733447182e-01,1.841984017230988702e-01
-2.335542276088755642e-01,-4.317514088246245940e-01,1.848993788221312551e-01
-2.337682767866259836e-01,-4.317397656818466878e-01,1.855617776035109745e-01
-2.339885610989357045e-01,-4.317471586244058801e-01,1.862838246677166465e-01
-2.342272431895053852e-01,-4.317362895810155643e-01,1.869770078734009078e-01
-2.344309028337796252e-01,-4.317143153310415982e-01,1.876910815276376376e-01
-2.346207959634221962e-01,-4.317041041760500408e-01,1.884089977404034277e-01
-2.348164298446056009e-01,-4.316507550730331322e-01,1.890691084181675974e-01
-2.350074384767410485e-01,-4.316268244966934287e-01,1.897891876385796317e-01
-2.352260396322227720e-01,-4.316183378600024212e-01,1.905133762603830327e-01
-2.353909008527766411e-01,-4.315881483806512930e-01,1.911890743082101385e-01
-2.356226784636012150e-01,-4.315520415714531044e-01,1.918814362680767993e-01
-2.358015130941341631e-01,-4.315232711510878505e-01,1.926152349114578777e-01
-2.359940143574237870e-01,-4.314673594118670907e-01,1.933256634454421363e-01
-2.361851453353430441e-01,-4.314301474157379856e-01,1.940231433167322050e-01
-2.363989375666336323e-01,-4.314093166767757337e-01,1.947415569546604441e-01
-2.366021962156843184e-01,-4.313623366188381603e-01,1.954638391113426854e-01
-2.368154626359685599e-01,-4.313297336216595501e-01,1.961749396016810865e-01
-2.369763533701021996e-01,-4.312989567728552909e-01,1.968781034690906817e-01
-2.371734017845476272e-01,-4.312465217477891022e-01,1.975872689690658379e-01
-2.373930349632761838e-01,-4.312342378371511464e-01,1.983485017913767523e-01
-2.376301189750216480e-01,-4.311982009448347419e-01,1.990775540996108650e-01
-2.378463303267853712e-01,-4.311635557612521485e-01,1.997977732371387649e-01
-2.380815437190049177e-01,-4.311442707187710943e-01,2.005529188460073442e-01
-2.382755870326648817e-01,-4.310997054821644747e-01,2.012606421527251832e-01
-2.384591319030925360e-01,-4.310478689835088861e-01,2.019890598111374058e-01
-2.386761854098660984e-01,-4.309843479514294251e-01,2.026956190947029612e-01
-2.388878163437145874e-01,-4.309388862999137260e-01,2.034464292953314102e-01
-2.390791639766241261e-01,-4.308953348056513422e-01,2.041672985863452472e-01
-2.392938717478660660e-01,-4.308446380272411003e-01,2.048927257660271839e-01
-2.394670652366412134e-01,-4.307653574190524748e-01,2.055741406241291813e-01
-2.396572960665601659e-01,-4.307033550542138101e-01,2.063145247186719544e-01
-2.398374753550515659e-01,-4.306197503033680762e-01,2.070000681084733785e-01
-2.400327247421287502e-01,-4.305563959580180899e-01,2.077101801301906026e-01
-2.402174066701862343e-01,-4.304845417903794269e-01,2.084232851135332798e-01
-2.403972450423671470e-01,-4.304170515783891648e-01,2.091302085119162713e-01
-2.405951384813168892e-01,-4.303272186735028204e-01,2.098087985935642164e-01
-2.407630179543333027e-01,-4.302385342533738277e-01,2.104973654280973550e-01
-2.409557931331594571e-01,-4.301478776836367701e-01,2.111953631186449243e-01
-2.411260807001823492e-01,-4.300519079067323114e-01,2.118675392714863270e-01
-2.413403087949844983e-01,-4.299785815215128038e-01,2.125696030968245720e-01
-2.415302598191965688e-01,-4.298786081176505514e-01,2.132617515058560231e-01
-2.417080479009827976e-01,-4.297912581961905176e-01,2.139574612186335156e-01
-2.418875336513755525e-01,-4.296719880252254931e-01,2.146219370583055674e-01
-2.421009267971956924e-01,-4.295798209674320800e-01,2.153376539065640638e-01
-2.423133938728573578e-01,-4.294848336570638025e-01,2.160236499944729327e-01
-2.425392247728976880e-01,-4.293828397922019313e-01,2.167214995006734313e-01
-2.427181185449723833e-01,-4.292823990433578540e-01,2.174010885240985347e-01
-2.429208271362339189e-01,-4.291619060171723010e-01,2.181034089232056772e-01
-2.431170836816965442e-01,-4.290369139462665848e-01,2.187682198708403858e-01
-2.433251959862864355e-01,-4.289197068300185656e-01,2.194788951512157138e-01
-2.435502732278298499e-01,-4.288356440583723228e-01,2.201985939199688214e-01
-2.437394490292380811e-01,-4.286947278082846036e-01,2.208591325199192879e-01
-2.439245288271743028e-01,-4.285948480999311472e-01,2.215615257518277204e-01
-2.441364991324082578e-01,-4.284439361253846168e-01,2.222207541954157317e-01
-2.443248828309934340e-01,-4.283275816297976712e-01,2.229274012551017703e-01
-2.445451217530072163e-01,-4.282215356099277059e-01,2.236103049887941119e-01
-2.447330753590143959e-01,-4.280856773612943256e-01,2.242877602624838707e-01
-2.449522632701398028e-01,-4.279647782406073575e-01,2.249657027052480163e-01
-2.451434824748190688e-01,-4.278269363035225870e-01,2.256583006385489421e-01
-2.452990500922830885e-01,-4.276932181441069902e-01,2.263158730906822680e-01
-2.455180378681665609e-01,-4.275538204829744116e-01,2.270116017988007273e-01
-2.457201643797920498e-01,-4.274008017335122478e-01,2.277005041897358084e-01
-2.459302327270961597e-01,-4.272719691352110383e-01,2.283761090851934017e-01
-2.461232802117067076e-01,-4.271384668460059819e-01,2.290384408473511435e-01
-2.462967954104078594e-01,-4.270076316384970316e-01,2.297452767087518333e-01
-2.465059091236565525e-01,-4.268440906363027976e-01,2.304104330434343373e-01
-2.466796601938995026e-01,-4.267012284292779345e-01,2.311002638616987681e-01
-2.468856319736729421e-01,-4.265374870906137872e-01,2.317694083379272796e-01
-2.470965998637869310e-01,-4.263921038431477406e-01,2.324276532690257024e-01
-2.472839271647172266e-01,-4.262243043926046138e-01,2.331119194055078225e-01
-2.474808978665603010e-01,-4.260654688743329421e-01,2.337662076516164034e-01
-2.476818455703025390e-01,-4.259206507762702265e-01,2.344299470179884159e-01
-2.478776172482712314e-01,-4.257466390255969513e-01,2.350712455225484609e-01
-2.480768158986648153e-01,-4.255753047641898101e-01,2.357189233205909673e-01
-2.483153217834196125e-01,-4.253989346182655007e-01,2.363737272924768262e-01
-2.484870368151970987e-01,-4.252153471601138879e-01,2.369925484034240137e-01
-2.486703015469295119e-01,-4.250325807106528075e-01,2.376343517210349476e-01
-2.488554315229798974e-01,-4.248396095616502333e-01,2.382210211839181357e-01
-2.490557149795968594e-01,-4.246433124484907951e-01,2.388390829040860919e-01
-2.492591485778372362e-01,-4.244286051694848849e-01,2.394321295544306061e-01
-2.494262734597329223e-01,-4.242335128248473364e-01,2.400143871563775733e-01
-2.496169151304944989e-01,-4.240163503052806759e-01,2.406021886993895409e-01
-2.497958449927713820e-01,-4.237764711077010027e-01,2.411556154981941702e-01
-2.499655393525602731e-01,-4.235693107992937745e-01,2.417463909465010774e-01
-2.501616870965184813e-01,-4.233582917310874105e-01,2.422951624169576990e-01
-2.503838562238964172e-01,-4.231171310496497084e-01,2.428736590735376955e-01
-2.505438230956270051e-01,-4.228886615890937728e-01,2.434219178891235402e-01
-2.507240377336942827e-01,-4.226568626557007380e-01,2.439652590399232213e-01
-2.509324320596878488e-01,-4.224211434038959156e-01,2.445160260318996748e-01
-2.511134132784949569e-01,-4.222062663432948337e-01,2.450800654144854041e-01
-2.512683460389469325e-01,-4.219246688433072046e-01,2.455659959009335314e-01
-2.514437412215071999e-01,-4.216969062199757423e-01,2.461061667864954394e-01
-2.515796245304445233e-01,-4.214220893815013858e-01,2.466072967837116825e-01
-2.517307311344501031e-01,-4.211565430994451131e-01,2.471091156177901149e-01
-2.519002147279374437e-01,-4.208830551219968075e-01,2.476485714128557891e-01
-2.519983498150182855e-01,-4.206380855080579795e-01,2.481644059001703040e-01
-2.521510476764568520e-01,-4.203388709519270128e-01,2.486367975187609158e-01
-2.522774960781584697e-01,-4.200639408005059083e-01,2.491211901647878424e-01
-2.524050122845964417e-01,-4.197927034486419462e-01,2.496221532050788006e-01
-2.525311466678620831e-01,-4.194796479535665701e-01,2.500760347951659357e-01
-2.526418511005339984e-01,-4.191868291399273305e-01,2.505638009450503190e-01
-2.527676182330926280e-01,-4.188973198686615773e-01,2.510364715816467696e-01
-2.528831071776285189e-01,-4.185935243908162073e-01,2.515209045413528965e-01
-2.529848999370633011e-01,-4.182920086994444397e-01,2.519758992903418093e-01
-2.531144711298772831e-01,-4.179745864925255017e-01,2.524466129861692720e-01
-2.532325012182791157e-01,-4.176746427312157950e-01,2.529186988497945654e-01
-2.533455296288207870e-01,-4.173732082782374286e-01,2.533732424955240092e-01
-2.534553697049705123e-01,-4.170320489054852864e-01,2.538122321485974386e-01
-2.535864823030412607e-01,-4.167388671967344749e-01,2.542986346518320007e-01
-2.537025216631136892e-01,-4.164033022688518049e-01,2.547255204239444182e-01
-2.537900913592973651e-01,-4.160680007216883136e-01,2.551672904336409475e-01
-2.539174996626609171e-01,-4.157410823391647914e-01,2.556337326610541028e-01
-2.540115892562539446e-01,-4.153867858948789293e-01,2.560623530277366111e-01
-2.541073591544558696e-01,-4.150572045868244353e-01,2.565185729749580035e-01
-2.542093911943678619e-01,-4.146878682169486408e-01,2.569288006922111345e-01
-2.542978755932660540e-01,-4.143368977274907716e-01,2.573682979112261737e-01
-2.543792717541781823e-01,-4.139568484302980078e-01,2.577672836720946159e-01
-2.544661798731364111e-01,-4.135633441017395051e-01,2.581838298844560953e-01
-2.545681718222923551e-01,-4.131918388062955638e-01,2.586176456411194979e-01
-2.546485846794761532e-01,-4.128289635785915568e-01,2.590207379919484132e-01
-2.547739084198605286e-01,-4.124447240148716443e-01,2.594350284192659117e-01
-2.548586197846006152e-01,-4.120536268840345739e-01,2.597920731827687013e-01
-2.549449610617953166e-01,-4.116636913258764352e-01,2.601946653226804851e-01
-2.550633294718205324e-01,-4.112809486085999833e-01,2.605958088695644048e-01
-2.551545303397377285e-01,-4.108870343169070960e-01,2.609807972080296357e-01
-2.552785501464229778e-01,-4.104847615998908350e-01,2.613653389032344343e-01
-2.553881289391365383e-01,-4.100953195598335821e-01,2.617475504754318005e-01
-2.554920523854748438e-01,-4.096773194387943740e-01,2.621061151161996339e-01
-2.556019342297752850e-01,-4.092784104789909949e-01,2.624657448827491524e-01
-2.557175744530249539e-01,-4.088306120724265469e-01,2.627970112952216497e-01
-2.558153057526634799e-01,-4.083957106548641303e-01,2.631595348691831981e-01
-2.559130852577879978e-01,-4.079523339138884097e-01,2.634881016647992458e-01
-2.560440265358461254e-01,-4.075138723142958663e-01,2.638304501839628391e-01
-2.561795423417549400e-01,-4.070786204781922102e-01,2.641773762457509389e-01
-2.563016064664708216e-01,-4.066328615913586408e-01,2.645209821671184458e-01
-2.564353273610214257e-01,-4.061526629359496487e-01,2.648284054111567087e-01
-2.565537539993947291e-01,-4.056997519436270072e-01,2.651714553012110565e-01
-2.566663854176534088e-01,-4.052258520112376194e-01,2.654933977831356318e-01
-2.568187038662556043e-01,-4.047509880915614588e-01,2.658202712319680527e-01
-2.569416592513236730e-01,-4.042561416287943632e-01,2.661212035983210877e-01
-2.571017762585314781e-01,-4.037612766492917338e-01,2.664452904264973943e-01
-2.572290781089760503e-01,-4.032828900542850259e-01,2.667300449848100663e-01
-2.573692961172237559e-01,-4.027672667260423500e-01,2.670092519550366084e-01
-2.575174764671934180e-01,-4.022802205306273970e-01,2.673168637502384981e-01
-2.576454860814850756e-01,-4.017654101215640261e-01,2.675971180331006005e-01
-2.578309842403110896e-01,-4.012377564858888856e-01,2.678823817326850820e-01
-2.579718634964316415e-01,-4.007272196278405807e-01,2.681600725946434727e-01
-2.581087085904698042e-01,-4.002124081263411237e-01,2.684558644460074972e-01
-2.582734459020590845e-01,-3.997079018526536465e-01,2.687419902529900595e-01
-2.584346462079988860e-01,-3.991325461335375469e-01,2.689897988423737840e-01
-2.585583241891180606e-01,-3.986104403948432240e-01,2.692781761129522389e-01
-2.587079387747108217e-01,-3.980581371689232428e-01,2.695340981851939155e-01
-2.588276134036049947e-01,-3.975013135560659938e-01,2.698157959580155252e-01
-2.589844507034270160e-01,-3.969692851335610007e-01,2.700654588920923249e-01
-2.591146034709141954e-01,-3.964237113719635830e-01,2.703255096203181496e-01
-2.592822489778055517e-01,-3.958692326500505843e-01,2.705894204492826360e-01
-2.594293272185340671e-01,-3.952972079440834063e-01,2.708406597769192348e-01
-2.595570361483062749e-01,-3.947191411175490217e-01,2.710727329790829088e-01
-2.597008754773845740e-01,-3.941655168803288589e-01,2.713481510603774627e-01
-2.598099291129800648e-01,-3.935909056544478202e-01,2.715693477627183494e-01
-2.599454054449115148e-01,-3.929961815945170467e-01,2.717913511890535094e-01
-2.600855398387605932e-01,-3.924061863184997723e-01,2.720221252730065653e-01
-2.602384682200538091e-01,-3.918430891654418602e-01,2.722876418401139476e-01
-2.603854102881508203e-01,-3.912457111398666698e-01,2.724747245392601935e-01
-2.605419102038721846e-01,-3.906596023621046188e-01,2.726811944370535201e-01
-2.606816930285087430e-01,-3.900769879585452848e-01,2.728955991625688915e-01
-2.608531649435746336e-01,-3.894659618296036907e-01,2.730918937824856618e-01
-2.610405284161704254e-01,-3.888902440812484484e-01,2.733463734131411638e-01
-2.612079867807006184e-01,-3.882779258852477877e-01,2.735494442898751544e-01
-2.613703157779020958e-01,-3.876888770216474489e-01,2.737424013724001903e-01
-2.615433956658903547e-01,-3.870895671203921640e-01,2.739247646405890135e-01
-2.617163423170571490e-01,-3.864930526331782357e-01,2.741315036725250898e-01
-2.618849239236452076e-01,-3.858929506900212192e-01,2.743238165197801059e-01
-2.620682645444967762e-01,-3.852946567759084062e-01,2.744900360832274733e-01
-2.622510569250773305e-01,-3.846873257160943749e-01,2.746708372563887446e-01
-2.624141160848494359e-01,-3.840796732697849825e-01,2.748597407891841260e-01
-2.626080380588725061e-01,-3.834285757994628230e-01,2.750497358852612706e-01
-2.627896126064661608e-01,-3.828188588358448774e-01,2.752205097927367672e-01
-2.629836720235291248e-01,-3.822157937233979230e-01,2.753958919564978292e-01
-2.631523460284984073e-01,-3.815791083629541114e-01,2.755532802419656258e-01
-2.633510249885772092e-01,-3.809518843594558724e-01,2.757371373515138391e-01
-2.635500226022424730e-01,-3.803434893810257456e-01,2.759119723750551034e-01
-2.637535654653401229e-01,-3.796962703026625641e-01,2.760375413991927873e-01
-2.639490837586115912e-01,-3.790819674536832773e-01,2.762129183653451170e-01
-2.641473692009589369e-01,-3.784437337466178275e-01,2.763540777102017620e-01
-2.643253111786388887e-01,-3.778197082646364002e-01,2.765113196903936088e-01
-2.645558662983665266e-01,-3.771790317807859894e-01,2.766240465364607770e-01
-2.647527064028678545e-01,-3.765594782850902322e-01,2.767600358316149034e-01
-2.649772271693945913e-01,-3.759137710806102484e-01,2.769084056631009871e-01
-2.651696641285051781e-01,-3.752941141723916685e-01,2.770202221647965479e-01
-2.654069119213540162e-01,-3.746412972256541463e-01,2.771776541832824403e-01
-2.656288553557064058e-01,-3.740109898313740411e-01,2.772922581780094542e-01
-2.658305447572775759e-01,-3.733795008078950040e-01,2.773667710265180220e-01
-2.660693333569246199e-01,-3.727408073166228464e-01,2.775109828924517963e-01
-2.663030619799546250e-01,-3.721142760545763650e-01,2.776306499303639597e-01
-2.665147441640444703e-01,-3.714708960020409734e-01,2.776967412734819285e-01
-2.667502487173154524e-01,-3.708276897673593031e-01,2.778062538971625139e-01
-2.669867516474576097e-01,-3.701754784578492052e-01,2.779055842783120234e-01
-2.672323652881132827e-01,-3.695121427356931054e-01,2.779872675312342056e-01
-2.674762849163920819e-01,-3.688705577206061736e-01,2.780738187062202216e-01
-2.677602626836848021e-01,-3.682211276394593558e-01,2.781770791298853740e-01
-2.679625600295035825e-01,-3.675583975702722550e-01,2.782303620330518479e-01
-2.682084177759146981e-01,-3.669105663153651165e-01,2.782854230826414810e-01
-2.684872690469966017e-01,-3.662513833604163493e-01,2.783720829265714514e-01
-2.687429629412315113e-01,-3.655976976662773104e-01,2.784211536561834177e-01
-2.690295111970756881e-01,-3.649493309649631256e-01,2.784870399298219334e-01
-2.693085681382944574e-01,-3.642894912401510865e-01,2.785534011887852435e-01
-2.696055342635115259e-01,-3.636238457378831446e-01,2.785983217862426087e-01
-2.698943506444538842e-01,-3.629704189919168988e-01,2.786505170984184820e-01
-2.701927691459780068e-01,-3.623063819967027310e-01,2.787082402980962659e-01
-2.705044005671043417e-01,-3.616428825948632686e-01,2.787547073759640281e-01
-2.708183475049392719e-01,-3.609600414582683769e-01,2.788056819852647306e-01
-2.711222243822296596e-01,-3.603134837560590387e-01,2.788342219386267251e-01
-2.714588440685434256e-01,-3.596385171709556849e-01,2.788894277564410995e-01
-2.717620497641323185e-01,-3.589723112583376174e-01,2.789317292784163071e-01
-2.720799013673944056e-01,-3.583042050639881904e-01,2.789848139790889192e-01
-2.724047313047805452e-01,-3.576133003914950814e-01,2.790075827755621463e-01
-2.727341946225189107e-01,-3.569617271319165397e-01,2.790635774088532362e-01
-2.730771513773217474e-01,-3.562915169237377278e-01,2.790956079691726544e-01
-2.734103608192273160e-01,-3.556399448946517272e-01,2.791449375189554716e-01
-2.737259390313653284e-01,-3.549749887162926276e-01,2.791541614328040821e-01
-2.740767881793040317e-01,-3.543148371001864638e-01,2.791974831230675802e-01
-2.744288624802542209e-01,-3.536282692908611636e-01,2.792072583805340624e-01
-2.747777881193343985e-01,-3.529711117590576541e-01,2.792379271977052935e-01
-2.751164390208397093e-01,-3.522887713963878120e-01,2.792691259364991074e-01
-2.754771109802301443e-01,-3.516191396664123392e-01,2.792890418935020103e-01
-2.758506372910928817e-01,-3.509447584029783407e-01,2.793182922977117677e-01
-2.761900524713780669e-01,-3.502834824256172430e-01,2.793428074362718783e-01
-2.765547055877717320e-01,-3.496154216017149929e-01,2.793898179690066930e-01
-2.769424929576702055e-01,-3.489322882041219209e-01,2.793736569903056410e-01
-2.772953004778177521e-01,-3.482590619178868585e-01,2.793892872366093849e-01
-2.776732077910692431e-01,-3.475740040308856194e-01,2.794171615897571015e-01
-2.780464907896015303e-01,-3.468998412691301492e-01,2.794640729148667457e-01
-2.784160034626992353e-01,-3.462454414845661521e-01,2.794750660631833972e-01
-2.788018861327668518e-01,-3.455638368210798284e-01,2.794911210504554266e-01
-2.791708943167139911e-01,-3.449027564402175061e-01,2.795134569916398193e-01
-2.795633975589523201e-01,-3.442099868006734953e-01,2.795240307143853631e-01
-2.799544729136211885e-01,-3.435443145467950155e-01,2.795420395520021306e-01
-2.803206937388281750e-01,-3.428580755500428290e-01,2.795393438630788818e-01
-2.806942879246892564e-01,-3.421999993905928683e-01,2.795793794787680420e-01
-2.810827614945308750e-01,-3.415207646377261819e-01,2.795850144409475768e-01
-2.814635017707864950e-01,-3.408281293400944323e-01,2.795964959658525650e-01
-2.818505775967984350e-01,-3.401711788414765181e-01,2.796171876985119042e-01
-2.822325819862792629e-01,-3.394908965348293894e-01,2.796083242070365182e-01
-2.826242807334676810e-01,-3.388166694780664345e-01,2.796166555368814199e-01
-2.830140466198508564e-01,-3.381429605386203630e-01,2.796367468675096113e-01
-2.834007632663540499e-01,-3.374638035566041583e-01,2.796488638792271608e-01
-2.837975342426655168e-01,-3.367915791629610411e-01,2.796367942604459644e-01
-2.841888622683177434e-01,-3.361065313480516292e-01,2.796466834641688215e-01
-2.845502311149353258e-01,-3.354246338103275549e-01,2.796403334367634774e-01
-2.849690803038480991e-01,-3.347408602707812042e-01,2.796542811373288751e-01
-2.853732765841178187e-01,-3.340681930505804420e-01,2.796453768273357565e-01
-2.857822452058196849e-01,-3.333820143079537779e-01,2.796754175525634767e-01
-2.861829865605446943e-01,-3.326922706210631020e-01,2.796544661209787730e-01
-2.865982804213809687e-01,-3.319923649395351006e-01,2.796523926567829887e-01
-2.870013787721911735e-01,-3.313210318568331481e-01,2.796725586877624736e-01
-2.874427702482988956e-01,-3.306319194594543043e-01,2.796731816051576391e-01
-2.878672694032867185e-01,-3.299511748853280468e-01,2.796846740084552585e-01
-2.882839629922155922e-01,-3.292576435569536941e-01,2.796532146384656525e-01
-2.887337294976791702e-01,-3.285739966695597758e-01,2.796738476873331103e-01
-2.891678653889238615e-01,-3.278744855469190034e-01,2.796797495443721360e-01
-2.895749798011946208e-01,-3.271871831326492175e-01,2.796575783413746130e-01
-2.900250903679155168e-01,-3.264732599299191573e-01,2.796747186145912556e-01
-2.904419799599391450e-01,-3.257756891466172533e-01,2.796567575218389390e-01
-2.908717511013230173e-01,-3.250670139521981139e-01,2.796816439378519425e-01
-2.912892310068490587e-01,-3.243680116602700725e-01,2.796981294628358428e-01
-2.917245543140680741e-01,-3.236438314034515429e-01,2.796743816466673582e-01
-2.921452670980112520e-01,-3.229717141605865649e-01,2.796850227855325888e-01
-2.925716931733127746e-01,-3.222636255139905148e-01,2.796902604274678072e-01
-2.930198731500688325e-01,-3.215567414889353715e-01,2.796716873420913019e-01
-2.934402847319244612e-01,-3.208653173249528257e-01,2.797078931713899985e-01
-2.938720702413377683e-01,-3.201685795345287078e-01,2.796947320155498962e-01
-2.943195853998586409e-01,-3.194654361433074685e-01,2.797209404444279124e-01
-2.947360376998507947e-01,-3.187670002969332783e-01,2.797534413130521314e-01
-2.951904343022810351e-01,-3.180558694736078662e-01,2.797681475868422640e-01
-2.956147701700111430e-01,-3.173312460901343002e-01,2.797525540127604460e-01
-2.960361797298371456e-01,-3.166221033969034426e-01,2.797542444494319214e-01
-2.964892889842269952e-01,-3.159170956060696756e-01,2.798026832813368392e-01
-2.969240686036293542e-01,-3.151996044729525326e-01,2.798098452155370897e-01
-2.973815562443595240e-01,-3.144790722578928444e-01,2.798580844428028014e-01
-2.978277367570822398e-01,-3.137738281704939292e-01,2.798604993996756662e-01
-2.982742677596353364e-01,-3.130558185787424841e-01,2.798479598018591141e-01
-2.987281847124633183e-01,-3.123357355374158373e-01,2.798869447536823651e-01
-2.991666132508157272e-01,-3.116067137848733681e-01,2.799112237375705470e-01
-2.996122259700789159e-01,-3.109057148511497060e-01,2.799608170470552770e-01
-3.000455280006750769e-01,-3.101745866770696525e-01,2.799694383579732770e-01
-3.004785674219321856e-01,-3.094493330870793368e-01,2.799657109300831004e-01
-3.009196363650203376e-01,-3.087447530573764753e-01,2.800111843319279537e-01
-3.013482594299881634e-01,-3.079992374521663967e-01,2.800194746901349396e-01
-3.018073355316213124e-01,-3.072879772765274020e-01,2.800372944496468119e-01
-3.022579848356773402e-01,-3.065746249000981249e-01,2.800667780974178123e-01
-3.027454625254515364e-01,-3.058273561101398363e-01,2.801049444284706702e-01
-3.032217996004125671e-01,-3.051085421280556043e-01,2.801301465814196590e-01
-3.037009840659609106e-01,-3.043872240457830558e-01,2.801380645878286391e-01
-3.041667069470324058e-01,-3.036697036127349314e-01,2.801796201241189554e-01
-3.046594405865105104e-01,-3.029523267604189996e-01,2.802050077288610885e-01
-3.051340881090310320e-01,-3.022092070371900641e-01,2.802395798577859698e-01
-3.056095893283668485e-01,-3.014870658220493160e-01,2.802556778828536599e-01
-3.060913859215211308e-01,-3.007734105910486733e-01,2.802931925236694655e-01
-3.065695491864725564e-01,-3.000381351901740823e-01,2.802990547368413576e-01
-3.070720136625481045e-01,-2.993227655944857846e-01,2.803198392567691211e-01
-3.075892998336456352e-01,-2.986104387383237135e-01,2.803662660699132725e-01
-3.080687590351596783e-01,-2.978723362982604872e-01,2.803807062228652058e-01
-3.086001140970889289e-01,-2.971765748166323995e-01,2.804132630712228846e-01
-3.090861236941399026e-01,-2.964495874915132334e-01,2.804133781862874764e-01
-3.096091245566407468e-01,-2.957503524610651247e-01,2.804551921258027214e-01
-3.101404238595455443e-01,-2.950121742235264355e-01,2.804486997501974277e-01
-3.106527340083362065e-01,-2.942975943298062336e-01,2.804676822407416448e-01
-3.111780121471621752e-01,-2.935672363691244624e-01,2.804918285490600183e-01
-3.117181421335160074e-01,-2.928592678552597306e-01,2.805108915710180506e-01
-3.122336057743098636e-01,-2.921538810896649463e-01,2.805343767708394220e-01
-3.127773373267559442e-01,-2.914117048199386661e-01,2.805664107390155593e-01
-3.133050642463771074e-01,-2.906955446444481339e-01,2.805476785569930298e-01
-3.138507542921416538e-01,-2.899887251046454617e-01,2.805926179750436456e-01
-3.144027143652637357e-01,-2.892455361564401639e-01,2.806027781153421774e-01
-3.149566350370568424e-01,-2.885329552041124290e-01,2.806233943578015921e-01
-3.155289236593879498e-01,-2.878060282776044865e-01,2.806213124762840794e-01
-3.160552134007207359e-01,-2.870967402436333527e-01,2.806358992322898760e-01
-3.166201132985501654e-01,-2.863966299192317044e-01,2.806545261500487665e-01
-3.171620709402120930e-01,-2.856755082385343258e-01,2.806447179430947569e-01
-3.177102910120791490e-01,-2.849741312952397965e-01,2.806614997329598404e-01
-3.183152037242443777e-01,-2.842709657120101041e-01,2.806914679639795906e-01
-3.188506679389882525e-01,-2.835993050528218817e-01,2.807108708540171360e-01
-3.194216636879106397e-01,-2.829075729500559744e-01,2.807430654301911188e-01
-3.199801410506100674e-01,-2.821995106219475913e-01,2.807100324785998247e-01
-3.205713145277393483e-01,-2.815104986598069847e-01,2.807599050493547743e-01
-3.211298395488207946e-01,-2.808285632077389682e-01,2.807620014484989435e-01
-3.216929959035192410e-01,-2.801263314225926337e-01,2.808069155457749710e-01
-3.222527021265817471e-01,-2.794494230945817614e-01,2.807861243100796544e-01
-3.232794869950579297e-01,-2.780180193912092368e-01,2.808350875010924841e-01
-3.238470014332978097e-01,-2.773057747037710463e-01,2.808396583620351716e-01
-3.244150929956650109e-01,-2.765984717637040013e-01,2.808406607084180107e-01
-3.249895672972784033e-01,-2.759056134665813231e-01,2.808663916607247457e-01
-3.255570829317505077e-01,-2.751942168556277268e-01,2.808778999177769520e-01
-3.261397026420703726e-01,-2.744917354641160934e-01,2.809007377449544984e-01
-3.266820950022180647e-01,-2.738025446863809886e-01,2.809098471746412917e-01
-3.272620460087998229e-01,-2.730793552388270928e-01,2.808895173205901985e-01
-3.278011660508645675e-01,-2.723748491128691329e-01,2.809405641901310813e-01
-3.283696626779569749e-01,-2.716910252177072715e-01,2.809707837328411784e-01
-3.289272613645754517e-01,-2.709565643316267924e-01,2.809624797270312557e-01
-3.294763823329701635e-01,-2.702068650790189763e-01,2.809695757268158012e-01
-3.300300541627222972e-01,-2.694690461135044734e-01,2.809839831106462626e-01
-3.305409280732868327e-01,-2.687346895487576215e-01,2.809836535585495954e-01
-3.311065911143095120e-01,-2.679640736427622572e-01,2.809852204186114588e-01
-3.316307892737748730e-01,-2.671999142696995233e-01,2.810057478889542160e-01
-3.321795311944358287e-01,-2.664626580468364425e-01,2.810204872742371740e-01
-3.326885016656424554e-01,-2.657121617766590171e-01,2.810229673106834358e-01
-3.332430474988645752e-01,-2.649684130421262607e-01,2.810556548780150932e-01
-3.337475910020659686e-01,-2.641927417864214922e-01,2.810200969429979545e-01
-3.342483702598227913e-01,-2.634506187192980908e-01,2.810455262268001242e-01
-3.347636299152824124e-01,-2.626959586110427236e-01,2.810352358932325378e-01
-3.352855389114727247e-01,-2.619401498290774288e-01,2.810551774255989343e-01
-3.357839130753422774e-01,-2.611813945673755466e-01,2.810447942289902579e-01
-3.363000764751899463e-01,-2.604399503366341406e-01,2.810447456935769583e-01
-3.368141644670130663e-01,-2.596857399008213330e-01,2.810597993550529861e-01
-3.373360393168437499e-01,-2.589325838358213505e-01,2.810503163784138780e-01
-3.378660143451461817e-01,-2.581876659719514189e-01,2.810620998069957577e-01
-3.383904911671983262e-01,-2.574361509617156263e-01,2.810699969155509015e-01
-3.389040382376706240e-01,-2.566916042953628074e-01,2.810608760087912605e-01
-3.394300170668116401e-01,-2.559441668367248846e-01,2.810632763984363125e-01
-3.399641879641901454e-01,-2.552024552223312037e-01,2.810369311502015632e-01
-3.410049190717457934e-01,-2.537683583948429078e-01,2.810179612253183579e-01
-3.415246468085278986e-01,-2.530317551372891494e-01,2.810252271377726707e-01
-3.420634474501471067e-01,-2.523035614616874756e-01,2.809793934160981221e-01
-3.425675667571729255e-01,-2.515507083905006991e-01,2.809384570438958617e-01
-3.430985243261399087e-01,-2.508217027095632767e-01,2.809222558536910719e-01
-3.436192456277472607e-01,-2.500921384619533838e-01,2.808635441114378795e-01
-3.441320272302658689e-01,-2.493953923165750375e-01,2.808186665680563743e-01
-3.446536637763846223e-01,-2.486414538048071221e-01,2.807944442823840925e-01
-3.451481242280455275e-01,-2.479430058328019604e-01,2.807488115209604840e-01
-3.456741947080937960e-01,-2.472000453228355432e-01,2.806840651772274375e-01
-3.461814321555760077e-01,-2.464922996490529761e-01,2.806297927464328490e-01
-3.467222693867540451e-01,-2.457609154605575608e-01,2.805834282020965298e-01
-3.472137066884785073e-01,-2.450261835419672851e-01,2.804889839015797803e-01
-3.477580990041422293e-01,-2.442851270596606561e-01,2.804701090093855154e-01
-3.482887765381745826e-01,-2.435559358443119549e-01,2.804041884034779164e-01
-3.488271678361684613e-01,-2.428393062309263939e-01,2.803630335053634015e-01
-3.493254447551603081e-01,-2.421114164013423165e-01,2.802999269493418044e-01
-3.498628941597116127e-01,-2.413905928900959563e-01,2.802391572913628393e-01
-3.503948503690694771e-01,-2.406757294141659564e-01,2.801873386731901228e-01
-3.509393222517806499e-01,-2.399478276607175942e-01,2.801445889074164475e-01
-3.514398438462414953e-01,-2.392359269730295890e-01,2.800666799139540641e-01
-3.519388740032692864e-01,-2.385320271224347921e-01,2.799961978284537523e-01
-3.524544516554599660e-01,-2.378328302928272298e-01,2.799583792223312440e-01
-3.530014193857045623e-01,-2.371047922097781480e-01,2.799159815001618368e-01
-3.535147369280887686e-01,-2.364014045309399958e-01,2.798615323340717387e-01
-3.540492198189638118e-01,-2.356749793555927286e-01,2.798202203207649785e-01
-3.545729811129398334e-01,-2.349619234549115143e-01,2.797556286028265449e-01
-3.550904373533504965e-01,-2.342264544305185103e-01,2.797151192346710169e-01
-3.556254900103771877e-01,-2.335083328486318721e-01,2.796660020993264051e-01
-3.561580358390581957e-01,-2.328007474552536982e-01,2.796359330001994548e-01
-3.566801589930670979e-01,-2.320734391693451693e-01,2.795663596033594600e-01
-3.571994486630681309e-01,-2.313605424487698570e-01,2.795318839985328485e-01
-3.577437616010205046e-01,-2.306636533477160467e-01,2.795148599820270752e-01
-3.582445527836174981e-01,-2.299607767001820013e-01,2.794413130162758385e-01
-3.587786857017318809e-01,-2.292374681655562352e-01,2.793985580807544222e-01
-3.593031912511550074e-01,-2.285358275670063832e-01,2.793719213170210991e-01
-3.598236466668491285e-01,-2.278501480129139223e-01,2.793333224684472205e-01
-3.603649399781571061e-01,-2.271488339100145581e-01,2.792911113831942904e-01
-3.608888184041317837e-01,-2.264424662658968690e-01,2.792378681829725817e-01
-3.614060063885587426e-01,-2.257511129461683697e-01,2.792209852055461128e-01
-3.619418774315894538e-01,-2.250819973505804594e-01,2.791985871894098747e-01
-3.624696416076418903e-01,-2.243915481715427762e-01,2.791902722926868363e-01
-3.629920042891612852e-01,-2.237048513269166705e-01,2.791625097314668347e-01
-3.635249033200859681e-01,-2.230270411401387709e-01,2.791722757891921813e-01
-3.640565546892806092e-01,-2.223578500347124787e-01,2.791323215913679712e-01
-3.645872000288324366e-01,-2.217013205146000920e-01,2.791304249230066037e-01
-3.651165173704213895e-01,-2.210385385859006957e-01,2.791021911135594946e-01
-3.656377036231832078e-01,-2.203862148789601794e-01,2.790539168977828055e-01
-3.661811795181538765e-01,-2.197434833018324651e-01,2.790681371148089895e-01
-3.672094883138037891e-01,-2.183969228815227648e-01,2.790287042754151514e-01
-3.677245784541732232e-01,-2.177827684356234972e-01,2.790025758185008531e-01
-3.682843130122103736e-01,-2.171465127233444536e-01,2.789971065756566837e-01
-3.687704812306297764e-01,-2.165397569007205536e-01,2.789541122735104683e-01
-3.693178681219952963e-01,-2.159436257650383661e-01,2.789456200955076071e-01
-3.698532865812485526e-01,-2.153142686594319843e-01,2.789255112729149833e-01
-3.704300180530095687e-01,-2.146933937777399382e-01,2.789120129058283992e-01
-3.709719143054999724e-01,-2.140959369581750538e-01,2.789112212975628502e-01
-3.715367621826504707e-01,-2.134843225093290553e-01,2.788977342367027767e-01
-3.720986836678141785e-01,-2.129010487250888317e-01,2.789015836832950401e-01
-3.726826452638610787e-01,-2.123078919189131109e-01,2.788994808801248393e-01
-3.732560278657856001e-01,-2.117148830429491368e-01,2.789260678056212361e-01
-3.738331687022953820e-01,-2.111229625893972228e-01,2.789126422723086085e-01
-3.743953711936516271e-01,-2.105556823027380786e-01,2.789136357917111342e-01
-3.749795205612956872e-01,-2.099935231396957980e-01,2.789410591589360777e-01
-3.755606616971066125e-01,-2.094035851072136301e-01,2.789458672060972644e-01
-3.761150934016605496e-01,-2.088791636245919681e-01,2.789646372343003167e-01
-3.767221361442475991e-01,-2.083197432923045989e-01,2.790018500332457352e-01
-3.772901979447043641e-01,-2.077702436795464958e-01,2.790126375140802306e-01
-3.778860082634981632e-01,-2.072050498171276733e-01,2.790252417955645936e-01
-3.784660416217138224e-01,-2.066443243770715865e-01,2.790750253165553141e-01
-3.790599454687698100e-01,-2.060988804986924605e-01,2.790803585065970149e-01
-3.796350981891647991e-01,-2.055426042550315135e-01,2.790903909204334732e-01
-3.802503456828238426e-01,-2.049835616340795474e-01,2.791243536414921844e-01
-3.808043564385540369e-01,-2.044393190769528135e-01,2.791483047247515503e-01
-3.813788781519135695e-01,-2.038946397554880774e-01,2.791646102465815127e-01
-3.819649602105638087e-01,-2.033363946709748349e-01,2.791838742824360731e-01
-3.825352723225695639e-01,-2.027912918400887887e-01,2.792118042151234270e-01
-3.831136375290278839e-01,-2.022692659500199275e-01,2.792320198726206959e-01
-3.836915761531968228e-01,-2.017318308650124792e-01,2.792513283560555948e-01
-3.842409493714205038e-01,-2.012167270085951365e-01,2.792693703369302227e-01
-3.847940251226013020e-01,-2.006938743639369027e-01,2.792898516288078170e-01
-3.853592970065342072e-01,-2.001416227455479757e-01,2.793272010756317481e-01
-3.858814348119891102e-01,-1.996341483236208081e-01,2.793179158688216535e-01
-3.864549319195134669e-01,-1.991004096859864403e-01,2.793654122308609766e-01
-3.869967368839944410e-01,-1.985680232185842997e-01,2.793722335758116460e-01
-3.875287608424695662e-01,-1.980269005264551352e-01,2.794028719426460694e-01
-3.880939883744002894e-01,-1.974697606492245017e-01,2.794333139199169369e-01
-3.886501106992898413e-01,-1.969284526625876275e-01,2.794378967316343276e-01
-3.891917248952740938e-01,-1.963731139123210401e-01,2.794062996772718188e-01
-3.897306821455013282e-01,-1.958266311193693210e-01,2.794499552403636455e-01
-3.902698240357987403e-01,-1.952768196208776452e-01,2.794615312319674860e-01
-3.908005612378302462e-01,-1.947253778424449799e-01,2.794606687447887539e-01
-3.913440755184940389e-01,-1.941781117761697262e-01,2.794894505430671194e-01
-3.918832516763199880e-01,-1.936529120096503465e-01,2.794814128979718482e-01
-3.924362756559751642e-01,-1.930785063147712477e-01,2.794773857425312258e-01
-3.929761557010571504e-01,-1.925440033879046997e-01,2.794836827359926112e-01
-3.935093232931876628e-01,-1.919933835429326330e-01,2.794649493584867028e-01
-3.940500673269247689e-01,-1.914505146611899522e-01,2.794698137784404901e-01
-3.951303799684560691e-01,-1.902582340989863174e-01,2.794563997182080151e-01
-3.956671956463819195e-01,-1.896929264255814984e-01,2.794341750460493934e-01
-3.961823799093916465e-01,-1.891414641125284679e-01,2.794334362822845086e-01
-3.967313249525523666e-01,-1.885610350017095649e-01,2.794266891576263623e-01
-3.972549184529107213e-01,-1.880028927596239519e-01,2.794045604649213477e-01
-3.977678067920398797e-01,-1.874581327184004498e-01,2.793928133541982439e-01
-3.983101817559734914e-01,-1.868804944159579706e-01,2.793816890443654444e-01
-3.988399182253064001e-01,-1.863084924007837040e-01,2.793782363984929074e-01
-3.993441630765970918e-01,-1.857509758038935199e-01,2.793251045228933860e-01
-3.998689172623019483e-01,-1.852059257189473951e-01,2.793029752399130983e-01
-4.003719724457200924e-01,-1.846723359694164290e-01,2.792955702510412364e-01
-4.008811401270145902e-01,-1.841402082157722886e-01,2.792346236863866848e-01
-4.013864782138009679e-01,-1.836001922384300489e-01,2.791626213940365808e-01
-4.018864163774931719e-01,-1.830930419198711911e-01,2.791078891640617066e-01
-4.024026356223739942e-01,-1.825550256211007916e-01,2.790311933560963853e-01
-4.029256442633137314e-01,-1.820444674056461154e-01,2.789871470826052469e-01
-4.034119695857545929e-01,-1.815459435845876712e-01,2.788890003573332721e-01
-4.039334574906627284e-01,-1.810417813737642267e-01,2.788123612377321758e-01
-4.044403152395670276e-01,-1.805409607422629181e-01,2.787287419587304305e-01
-4.049124157728379858e-01,-1.800590589015912679e-01,2.785877251620909600e-01
-4.054556326897513774e-01,-1.795604950847013159e-01,2.784956877160312816e-01
-4.059626821796709084e-01,-1.790922506135124714e-01,2.783773286906535693e-01
-4.064710634285702562e-01,-1.786293525172367724e-01,2.782866685342862412e-01
-4.069810604629824358e-01,-1.781691391468765151e-01,2.781659035487322185e-01
-4.074924187099756012e-01,-1.777028682777387625e-01,2.780486367627095778e-01
-4.080023007566876969e-01,-1.772626228123445336e-01,2.778987078070633276e-01
-4.084925572780807590e-01,-1.768148116990050644e-01,2.777744076437688725e-01
-4.090173620453151915e-01,-1.763512432139591191e-01,2.776306091986984192e-01
-4.095348903606669255e-01,-1.759150432255732199e-01,2.775032990525413967e-01
-4.100463211267710295e-01,-1.755007257874171001e-01,2.773753461511224150e-01
-4.105333214567624123e-01,-1.750619205508755494e-01,2.771916630258690617e-01
-4.110406962464059899e-01,-1.746646268538021851e-01,2.770278683219838389e-01
-4.115429740722335583e-01,-1.742392887387740064e-01,2.768784181768673691e-01
-4.120483817494022261e-01,-1.738224639411299066e-01,2.767022557667079274e-01
-4.125262353204984800e-01,-1.734361292357257112e-01,2.765587448438848184e-01
-4.130067979950093893e-01,-1.730120655996404411e-01,2.763859060329396100e-01
-4.134807879120528384e-01,-1.725915494681640461e-01,2.761805160812940696e-01
-4.139435728798316894e-01,-1.722076872719924823e-01,2.760009551997695265e-01
-4.143881619701553776e-01,-1.718191223091606323e-01,2.758111735067643733e-01
-4.148707751623964546e-01,-1.714265068057541919e-01,2.756370520224716292e-01
-4.153058368530067601e-01,-1.710121865429230781e-01,2.754521706696879124e-01
-4.157464166474391098e-01,-1.706206692608412123e-01,2.752647457412951693e-01
-4.161824517042768123e-01,-1.702312535588595410e-01,2.750676124742544304e-01
-4.166441809346302927e-01,-1.698247501353186140e-01,2.748988264880646848e-01
-4.170667226144351702e-01,-1.694164018007040529e-01,2.746885995027837923e-01
-4.174848614165344030e-01,-1.690240080935234424e-01,2.744911120589282882e-01
-4.179327540854625989e-01,-1.686023529634208540e-01,2.743036528668879037e-01
-4.183353478219749011e-01,-1.682247989110058350e-01,2.740947969671803652e-01
-4.187581191060233410e-01,-1.678100280104271036e-01,2.738934250112184388e-01
-4.191877462481414240e-01,-1.674149707644143059e-01,2.736777652548914586e-01
-4.195811491852766695e-01,-1.670413665622494104e-01,2.734711753329299722e-01
-4.199984605193643472e-01,-1.666623527778326730e-01,2.732765947507705406e-01
-4.204240762443254287e-01,-1.662327657283992899e-01,2.730874431060369423e-01
-4.208365457825811728e-01,-1.658584436969697262e-01,2.728612896273816535e-01
-4.212541582499118031e-01,-1.654873265258628712e-01,2.726725383704716732e-01
-4.216581860651594793e-01,-1.651119402167379735e-01,2.724269464046819023e-01
-4.220725139103687629e-01,-1.647306093418837436e-01,2.722205162969478787e-01
-4.225045783330019233e-01,-1.643672460775960631e-01,2.720349763824848610e-01
-4.229094844404949760e-01,-1.639889498232687537e-01,2.718000321734592717e-01
-4.233333429380809476e-01,-1.636081083110359768e-01,2.715872895434560674e-01
-4.237157728256905620e-01,-1.632530972889530696e-01,2.713709542471474112e-01
-4.241219912887960741e-01,-1.628976105656610440e-01,2.711344568921147946e-01
-4.245437471880305624e-01,-1.625203198594267762e-01,2.709081374507493756e-01
-4.249338988464408384e-01,-1.621318630687714757e-01,2.706723891142633343e-01
-4.253560342198638988e-01,-1.617774235389237147e-01,2.704370735318535335e-01
-4.257392052019505768e-01,-1.614173903994639558e-01,2.701830200593168807e-01
-4.261928827783076912e-01,-1.610340410728620664e-01,2.699573820669837754e-01
-4.265801882949752932e-01,-1.606833562451081554e-01,2.696744314950764165e-01
-4.269934070111435220e-01,-1.603151346652580134e-01,2.694347749436395989e-01
-4.273784881844279182e-01,-1.599421574767218301e-01,2.691484776698707115e-01
-4.277969742350047899e-01,-1.595927378025796817e-01,2.688890671631177787e-01
-4.281883529240883557e-01,-1.592260590654779595e-01,2.686078845646293622e-01
-4.285715292285376954e-01,-1.588751039318548053e-01,2.683230293289607382e-01
-4.289478383821314633e-01,-1.585196346939758139e-01,2.680419282873783837e-01
-4.293602894608411491e-01,-1.581544244333072669e-01,2.677856426279432434e-01
-4.297543167508833251e-01,-1.577968679535159957e-01,2.674936132401856681e-01
-4.301369147855559349e-01,-1.574401308268639221e-01,2.671938029904715184e-01
-4.305125347556798543e-01,-1.570909856888301204e-01,2.668877778702991588e-01
-4.308952119827771932e-01,-1.567661375500713217e-01,2.665807567657534904e-01
-4.312896530387227978e-01,-1.564172142076702410e-01,2.663009161433306238e-01
-4.316723377400161210e-01,-1.560772581967609374e-01,2.659766308133852397e-01
-4.320283347315304612e-01,-1.557836342958771880e-01,2.656867146148144121e-01
-4.323866450026638830e-01,-1.554607818818382059e-01,2.653639099206171470e-01
-4.327657746903790237e-01,-1.551062272229810635e-01,2.650598720602800884e-01
-4.331089738636396680e-01,-1.548099778451083874e-01,2.647576233619947650e-01
-4.334634380423846300e-01,-1.544891777236222508e-01,2.644087047231508114e-01
-4.338457917630471616e-01,-1.541846747216285840e-01,2.641383434284448883e-01
-4.341733402561239186e-01,-1.538623623543070029e-01,2.637782110399403690e-01
-4.345157794128461926e-01,-1.535833013642926292e-01,2.634526208022304195e-01
-4.348493981627330474e-01,-1.532762670989404052e-01,2.631268249455474550e-01
-4.351945154197309207e-01,-1.529959377533903764e-01,2.627837188462560092e-01
-4.355260551522715518e-01,-1.526909268752137672e-01,2.624448925829457324e-01
-4.358466597708735568e-01,-1.524189108969336293e-01,2.621052063904408258e-01
-4.361755635985119506e-01,-1.521366677706172399e-01,2.617614878484414986e-01
-4.365080605929989588e-01,-1.518887835858721835e-01,2.614066240961752663e-01
-4.368549381013840383e-01,-1.516198087180722909e-01,2.610567377331752259e-01
-4.371657709608027798e-01,-1.513772297573149628e-01,2.607140425471224376e-01
-4.374799117019054773e-01,-1.511457877756330892e-01,2.603464624449141063e-01
-4.377921482018783950e-01,-1.508985822816061306e-01,2.599818467290867519e-01
-4.380993776279343832e-01,-1.506567110725631209e-01,2.596145128126020052e-01
-4.384149567328858854e-01,-1.504130264721025567e-01,2.592486713119211417e-01
-4.387219052886190962e-01,-1.501990004124973688e-01,2.588829760406446412e-01
-4.390368836196549829e-01,-1.499708734414484934e-01,2.585078158195710518e-01
-4.393252659441383989e-01,-1.497590180940541749e-01,2.581144639025587106e-01
-4.396003610496730385e-01,-1.495454307179571729e-01,2.577210461895150795e-01
-4.398988950696520184e-01,-1.493532796351566272e-01,2.573316680578707216e-01
-4.401708759745673327e-01,-1.491434159930146164e-01,2.568977744920660777e-01
-4.404461033210088639e-01,-1.489495488322332140e-01,2.565000289309545822e-01
-4.407417359069139007e-01,-1.487577713080157626e-01,2.561098710942529832e-01
-4.410006449321982047e-01,-1.485893875703816480e-01,2.556756839488654176e-01
-4.412720635438084904e-01,-1.483859320183249231e-01,2.552546438372758630e-01
-4.415354632487559217e-01,-1.481962754751348088e-01,2.548291246669606158e-01
-4.417851633787740484e-01,-1.480135569264446060e-01,2.543827136543370671e-01
-4.420347631770070729e-01,-1.478214818614315695e-01,2.539355801757787190e-01
-4.422893638111736747e-01,-1.476488493182736006e-01,2.535285665326742488e-01
-4.425521114477867779e-01,-1.474791599189377300e-01,2.530710960968564627e-01
-4.427730659702439064e-01,-1.473022306247698809e-01,2.526031154823619174e-01
-4.430394972862167213e-01,-1.471033517085313935e-01,2.521775233388958148e-01
-4.432613564363208081e-01,-1.469354891588073586e-01,2.516952856085358792e-01
-4.434975250056525375e-01,-1.467852176019915911e-01,2.512115721680727720e-01
-4.437448476853743662e-01,-1.466192840108024309e-01,2.507878132823052608e-01
-4.443321149288291250e-01,-1.461434124461821193e-01,2.500352592035187671e-01
-4.441738179914301310e-01,-1.463282253509317066e-01,2.498425269383479919e-01
-4.444011193649166080e-01,-1.462006333339017639e-01,2.494063285587636847e-01
-4.446187559204057838e-01,-1.460466309829723808e-01,2.489340212257587781e-01
-4.448503966198668613e-01,-1.458974661995494360e-01,2.484621745333598364e-01
-4.450916056342067995e-01,-1.457932536144535829e-01,2.480052595598092324e-01
-4.453206605615486757e-01,-1.456613138486367309e-01,2.475355590309901155e-01
-4.455657616386933251e-01,-1.455402152022355067e-01,2.470865657017866091e-01
-4.457865197459999762e-01,-1.454232416219650159e-01,2.466267866030979750e-01
-4.460098335370265010e-01,-1.453297888922576442e-01,2.461396988009803277e-01
-4.462310300872751601e-01,-1.452139824042158467e-01,2.456591187778179031e-01
-4.468204583036804456e-01,-1.448069180099156583e-01,2.448895713312218003e-01
-4.466775443096140386e-01,-1.450194379213690654e-01,2.447162804564665117e-01
-4.468755302436763777e-01,-1.449262252185107847e-01,2.442313725670795799e-01
-4.470824382618662218e-01,-1.448309411063582464e-01,2.437380325932622105e-01
-4.473001092867269768e-01,-1.447527035083494562e-01,2.432789023983440713e-01
-4.474987077222474241e-01,-1.446871410073955477e-01,2.427910326019403486e-01
-4.476890657259163242e-01,-1.446097266910588153e-01,2.422834898454727381e-01
-4.479089618262953598e-01,-1.445292851199341810e-01,2.418107058229165551e-01
-4.480779036109254765e-01,-1.444577223191865212e-01,2.412966448341183068e-01
-4.482751590575700384e-01,-1.443863018906483553e-01,2.407985535509409858e-01
-4.484588361610024609e-01,-1.443167939999817351e-01,2.402995493919347081e-01
-4.486278807536148716e-01,-1.442332866936302527e-01,2.397897013498535568e-01
-4.487989796043753699e-01,-1.441953285497258597e-01,2.393084661330950325e-01
-4.489564733821592157e-01,-1.441228507224517896e-01,2.387850291742138753e-01
-4.491324350661185516e-01,-1.440570828958969152e-01,2.382926820584618521e-01
-4.492860473540249977e-01,-1.439764353470076308e-01,2.378079676841254875e-01
-4.494210903002195390e-01,-1.439220983937680443e-01,2.372853520525074755e-01
-4.498804739360680038e-01,-1.436043031238516399e-01,2.364030021615518840e-01
-4.497112488463492763e-01,-1.437778644621545143e-01,2.362657974317046439e-01
-4.498410917289502042e-01,-1.437013499220319013e-01,2.357801354214497103e-01
-4.502752932740794467e-01,-1.433868615412401959e-01,2.348834826792992048e-01
-4.500898078289590765e-01,-1.435350623851833207e-01,2.347592866610666296e-01
-4.501969688128202862e-01,-1.434209830347965009e-01,2.342735695180007960e-01
-4.503355841411425531e-01,-1.433162488543849589e-01,2.337994364177378437e-01
-4.506933574446330137e-01,-1.429730089934936610e-01,2.329043613727185269e-01
-4.504862537634158337e-01,-1.430791364353807549e-01,2.327999835195085354e-01
-4.508330929313527635e-01,-1.427297671036036331e-01,2.319131870725633371e-01
-4.506169264937315289e-01,-1.428130037159895949e-01,2.318183317928219078e-01
-4.507051918251317457e-01,-1.426755784721302212e-01,2.313499556676504587e-01
-4.507384211818694641e-01,-1.425241435268748136e-01,2.308422404354226742e-01
-4.510836991074582136e-01,-1.421742625158582130e-01,2.299772576214938469e-01
-4.508529502519914578e-01,-1.422109199265444990e-01,2.298977055363120026e-01
-4.509051528229577888e-01,-1.420085121299221320e-01,2.294180838928747690e-01
-4.509478180537738190e-01,-1.418222454231600482e-01,2.289179239591830339e-01
-4.512335567220934762e-01,-1.414368772959238019e-01,2.280414089147246026e-01
-4.512493721428748050e-01,-1.412573469293071371e-01,2.275523432240379729e-01
-4.512798815678369380e-01,-1.410281548557569542e-01,2.270751404832667686e-01
-4.510340518702881663e-01,-1.410013629628554255e-01,2.270092253414480732e-01
-4.510255004307673898e-01,-1.408017413292154685e-01,2.265035733592655476e-01
-4.512946582489146263e-01,-1.404183035211688524e-01,2.256276218384914711e-01
-4.513074785203180506e-01,-1.401434708394088124e-01,2.251294762756506918e-01
-4.510626733430480040e-01,-1.400848839011538671e-01,2.250705501593744939e-01
-4.510573751850395219e-01,-1.398661564906395482e-01,2.246012858958444380e-01
-4.510425252847538036e-01,-1.396280947234566638e-01,2.241080590871319111e-01
-4.512612310313079411e-01,-1.392098599236991918e-01,2.231714304053359910e-01
-4.510314203520264797e-01,-1.391362597547290691e-01,2.231166343636636074e-01
-4.512231224771591220e-01,-1.387252434122904776e-01,2.221265776461380514e-01
-4.512203543917084336e-01,-1.385020365542858622e-01,2.216291858525732961e-01
-4.512133371123408510e-01,-1.382701278925778099e-01,2.211361148455937287e-01
-4.510092728157275022e-01,-1.381992504814222311e-01,2.210824686102405012e-01
-4.512099479458859252e-01,-1.377897250343283475e-01,2.201038813299644181e-01
-4.512279416687465239e-01,-1.375661262382934513e-01,2.196140404120318912e-01
-4.512330966021482204e-01,-1.373302609164511467e-01,2.190994793985067968e-01
-4.512458059180768366e-01,-1.371134019554611783e-01,2.185957054940205202e-01
-4.512546825079187252e-01,-1.369107853882486625e-01,2.180890700063420340e-01
-4.512814588511757097e-01,-1.367269842729078033e-01,2.175783056441616126e-01
-4.513322292579082795e-01,-1.365248591156369151e-01,2.170683818206422533e-01
-4.513522162027284179e-01,-1.363561124435110350e-01,2.165493610523048229e-01
-4.514044809929104174e-01,-1.362131769064034714e-01,2.160640793603672838e-01
-4.514727918267750217e-01,-1.360380530919212405e-01,2.155619523615205646e-01
-4.515156224553943942e-01,-1.358943931844055208e-01,2.150579603569446607e-01
-4.515942373365027795e-01,-1.357693436107908491e-01,2.145614239718488525e-01
-4.516844509083021708e-01,-1.356484929848889021e-01,2.140828063974053730e-01
-4.517432765416663498e-01,-1.355678923424674942e-01,2.135635535089306647e-01
-4.518147813036221816e-01,-1.354751725277819063e-01,2.130593083832803825e-01
-4.518982274455244363e-01,-1.354162986525025980e-01,2.125686446478343428e-01
-4.520224158358872035e-01,-1.353425014563981732e-01,2.121053719768544454e-01
-4.521256608605149774e-01,-1.352829350608825976e-01,2.116046014896037220e-01
-4.522609479852056080e-01,-1.352654085082755919e-01,2.111385164429405714e-01
-4.523502566554988835e-01,-1.352582810561326065e-01,2.106510939654712145e-01
-4.524794994584153129e-01,-1.352252005242015331e-01,2.101704632839970222e-01
-4.525972532556134520e-01,-1.352428028069463661e-01,2.096872330255320493e-01
-4.527720660922811002e-01,-1.352746773978098505e-01,2.092314573351793106e-01
-4.529227208337792687e-01,-1.352892040085207637e-01,2.087226080157286445e-01
-4.530814426383762972e-01,-1.353042763509743618e-01,2.082623725861125208e-01
-4.532355842797808898e-01,-1.353842170072068474e-01,2.077756577682107753e-01
-4.533874408004726630e-01,-1.354294519255122842e-01,2.072972313164847535e-01
-4.535579296461023646e-01,-1.355096149138378392e-01,2.068425947149374333e-01
-4.537275372235117232e-01,-1.355654917276789828e-01,2.063483306209341062e-01
-4.538928859376418767e-01,-1.356116669035673239e-01,2.058819485054134424e-01
-4.540642302472166492e-01,-1.356748634022316158e-01,2.054249462176691299e-01
-4.542281062868957497e-01,-1.357578481160922612e-01,2.049395329635408936e-01
-4.544015135359324442e-01,-1.358068122953736134e-01,2.044453947977987462e-01
-4.545665926758594155e-01,-1.358836286000316973e-01,2.039982922338248184e-01
-4.547159801639862886e-01,-1.359517905153871387e-01,2.035022651813401251e-01
-4.548369033530279548e-01,-1.360252997893412474e-01,2.030207556005413916e-01
-4.549879819598942610e-01,-1.360855251122174703e-01,2.025580164180698084e-01
-4.551133469815404342e-01,-1.361180984162554675e-01,2.020779818770583325e-01
-4.552442011223285512e-01,-1.361904943999471262e-01,2.016228794342183606e-01
-4.553811418275546252e-01,-1.362378291531737284e-01,2.011606952507045964e-01
-4.554916703595049965e-01,-1.362594272257848516e-01,2.006924393158267261e-01
-4.555877155478809670e-01,-1.363324331141580747e-01,2.002161492560153300e-01
-4.557164992500906120e-01,-1.363525616215604530e-01,1.997901115750168599e-01
-4.558311886334483476e-01,-1.363831985756717990e-01,1.993401688024194762e-01
-4.558983016636640184e-01,-1.364050115813433828e-01,1.988756846295103020e-01
-4.560207753056501612e-01,-1.364337616136661879e-01,1.984549400922297480e-01
-4.561018393463557863e-01,-1.364594414389480315e-01,1.979955583509891703e-01
-4.562041039262054176e-01,-1.364622314466628628e-01,1.975567623021080299e-01
-4.563102354690192208e-01,-1.364793512194789338e-01,1.971457702928650357e-01
-4.564057850809701833e-01,-1.364753526973326303e-01,1.967202226195182979e-01
-4.564993095464223161e-01,-1.365015042583857530e-01,1.962816162695229794e-01
-4.565694818621727769e-01,-1.365005903884092819e-01,1.958488779886824460e-01
-4.566526564973610869e-01,-1.364977117623269176e-01,1.954649471008381989e-01
-4.567493734431595231e-01,-1.364895657837719711e-01,1.950379728886260655e-01
-4.568127926968682528e-01,-1.364748365845709355e-01,1.946240230135364568e-01
-4.569023723912054580e-01,-1.364691052353000089e-01,1.942208836808790307e-01
-4.569757826593809913e-01,-1.364441843591841230e-01,1.938466315961296926e-01
-4.570444345674681275e-01,-1.364584361542313107e-01,1.934180335664151817e-01
-4.571197514069206824e-01,-1.364682706422044589e-01,1.930545038630193388e-01
-4.571870180091155422e-01,-1.364395546786175417e-01,1.926601395251252569e-01
-4.572683244936988078e-01,-1.364427644508148796e-01,1.922918095422175566e-01
-4.573239021805622917e-01,-1.364497844744392008e-01,1.918890051992527823e-01
-4.574051332350885790e-01,-1.364362606965831004e-01,1.915466770112992378e-01
-4.574631890592182892e-01,-1.364459797971541155e-01,1.911902586495524692e-01
-4.575589428108127188e-01,-1.364420556558901265e-01,1.908259453362828040e-01
-4.576279268476861062e-01,-1.364348322812222458e-01,1.904266420382259573e-01
-4.577284250416305822e-01,-1.364118236221205649e-01,1.901060236049700314e-01
-4.578358965333938491e-01,-1.364074899608545277e-01,1.897581064170697496e-01
-4.579311153899217612e-01,-1.364038036341919946e-01,1.894321056201531406e-01
-4.579998275740608804e-01,-1.364039018941244630e-01,1.890997011966734087e-01
-4.580770950616515069e-01,-1.363809742088589183e-01,1.887491093637324313e-01
-4.581851867920089250e-01,-1.363861873806663794e-01,1.884063858471169972e-01
-4.583176034600726645e-01,-1.363675687582150964e-01,1.880720957352396416e-01
-4.584383824643511463e-01,-1.363380334758106383e-01,1.877633169001975411e-01
-4.585466480681344992e-01,-1.363252322078982448e-01,1.874466031442824365e-01
-4.586472514226903052e-01,-1.363013683886200589e-01,1.871194673919954754e-01
-4.588084531674849753e-01,-1.362671936860484490e-01,1.868431726073549737e-01
-4.589268477898572618e-01,-1.362400845443297870e-01,1.865018186730967309e-01
-4.590709503343439746e-01,-1.362034600708847965e-01,1.862021885505737995e-01
-4.592016889021577342e-01,-1.361566414472268338e-01,1.859075893598797213e-01
-4.593530658696782232e-01,-1.361254156055634879e-01,1.856167138344341494e-01
-4.595021778644496901e-01,-1.360788013210491310e-01,1.853590901330135210e-01
-4.596314323284928505e-01,-1.360589577370803493e-01,1.850515012922149538e-01
-4.598078858798015367e-01,-1.359780485606515987e-01,1.847842676803732598e-01
-4.599709247359228814e-01,-1.359413402062731591e-01,1.844873281551206168e-01
-4.601136778169219177e-01,-1.358779933780800697e-01,1.842120849291365159e-01
-4.602647539299797863e-01,-1.357982946803412139e-01,1.839645956658972348e-01
-4.604401554999308366e-01,-1.357034542813865541e-01,1.836854284263945980e-01
-4.605849820342800549e-01,-1.356525317184303914e-01,1.834142713683287462e-01
-4.607354570358051515e-01,-1.355175590366125282e-01,1.831275326192899344e-01
-4.608768943132126594e-01,-1.354394233989069385e-01,1.828631410126594359e-01
-4.610251449186674733e-01,-1.353276786959384248e-01,1.825898717399556115e-01
-4.611589645883579780e-01,-1.352042380017946521e-01,1.823195605291518806e-01
-4.612957174684914063e-01,-1.350949326416465701e-01,1.820706217341168665e-01
-4.614503754235990129e-01,-1.349438389488835099e-01,1.817987309793085704e-01
-4.615562513657190946e-01,-1.348219744969638423e-01,1.815151615342483205e-01
-4.616893637805682404e-01,-1.346743198259287011e-01,1.812596729381033278e-01
-4.618138115649322306e-01,-1.345088076652646847e-01,1.809953735663603069e-01
-4.619375026524124572e-01,-1.343703757707065127e-01,1.807341815318210254e-01
-4.620552336037260233e-01,-1.342156521688918358e-01,1.804855525320503695e-01
-4.621734090684194718e-01,-1.340488819337330717e-01,1.802368572775560618e-01
-4.622877400066571774e-01,-1.339098528415676448e-01,1.799771693117050153e-01
-4.624002539971811543e-01,-1.337271599617994300e-01,1.797097422158335234e-01
-4.625079371244540938e-01,-1.335776566573217417e-01,1.794307779893351551e-01
-4.626124003823504083e-01,-1.333956985211380841e-01,1.791861239204737000e-01
-4.627087823653424081e-01,-1.332302326196656839e-01,1.789325796608971508e-01
-4.628275720799641668e-01,-1.330762323110058210e-01,1.786830343654242648e-01
-4.629374382852516345e-01,-1.328818509680567417e-01,1.784546169913567015e-01
-4.630175374414416956e-01,-1.327241843503162433e-01,1.781782251360893021e-01
-4.631230010002779229e-01,-1.325611843166361881e-01,1.779397184965889611e-01
-4.632364234804322578e-01,-1.323899288518100015e-01,1.776934097304580518e-01
-4.633287223727952653e-01,-1.322378465531673930e-01,1.774432947991370912e-01
-4.634509017511828088e-01,-1.320938006233866591e-01,1.772085391200954596e-01
-4.635583811449984215e-01,-1.319234517982311727e-01,1.769574805878929291e-01
-4.636711767851913191e-01,-1.317584985990413737e-01,1.767130950718308335e-01
-4.637842501500580861e-01,-1.316185898002405763e-01,1.764672741716115656e-01
-4.638810024683495126e-01,-1.314689203416813668e-01,1.761929443213179625e-01
-4.639817584192090782e-01,-1.313256833440167581e-01,1.759367593612641834e-01
-4.641072141936437578e-01,-1.311609699753610303e-01,1.756826406504353733e-01
-4.642150333125497630e-01,-1.310324446324613312e-01,1.754305242174817592e-01
-4.643100276905492430e-01,-1.308973395981321286e-01,1.751287883691761138e-01
-4.644152950064820429e-01,-1.307842698866611697e-01,1.748701793600266341e-01
-4.645207482093339779e-01,-1.306463667946514418e-01,1.745841734717530347e-01
-4.646453274587405424e-01,-1.304940014613876764e-01,1.743148190514045015e-01
-4.647124846684212995e-01,-1.304056788419673540e-01,1.739830329000926212e-01
-4.648408541127825311e-01,-1.302858731097961409e-01,1.737363431542855996e-01
-4.649126325832253492e-01,-1.301870451095930858e-01,1.734479301325206890e-01
-4.650382221170173414e-01,-1.300815486023711165e-01,1.731561629901503807e-01
-4.651321005924706764e-01,-1.299973462741751962e-01,1.728500504784487024e-01
-4.652533877509905103e-01,-1.298989826114286816e-01,1.725641162840654830e-01
-4.653525194954684641e-01,-1.298068139236271679e-01,1.722309807216050037e-01
-4.654382942260525402e-01,-1.297163762828399125e-01,1.719328334538530456e-01
-4.655492869808447454e-01,-1.296307254283615429e-01,1.716317623199994091e-01
-4.656712874069088293e-01,-1.295199380534352018e-01,1.713413268835427550e-01
-4.657700307470731826e-01,-1.294592364991795086e-01,1.710285032612692824e-01
-4.659114932660702868e-01,-1.293674946120991487e-01,1.707367147744102698e-01
-4.660148782189944550e-01,-1.292724442419722342e-01,1.704460117216922976e-01
-4.661245875330595201e-01,-1.291850669152145581e-01,1.701556347776649603e-01
-4.662461444377515862e-01,-1.291030254267633015e-01,1.698556394982537743e-01
-4.663628759950977365e-01,-1.289860932525335735e-01,1.695690582540694546e-01
-4.664853198542960322e-01,-1.289066623013512547e-01,1.692757848292398559e-01
-4.666071734237338120e-01,-1.288251547636617700e-01,1.690113761674204018e-01
-4.667313296589009064e-01,-1.287416259673384300e-01,1.687251930216462636e-01
-4.668539565477640707e-01,-1.286171772240457811e-01,1.684295901113765925e-01
-4.669693341787833352e-01,-1.285204830838014844e-01,1.681582729812137744e-01
-4.671051453009600896e-01,-1.284291013229221234e-01,1.678715707570958005e-01
-4.672485619155821723e-01,-1.283232302553298509e-01,1.676376274802567901e-01
-4.673645294882742829e-01,-1.282071564354292370e-01,1.673683603916078511e-01
-4.674713285195469248e-01,-1.280790245501414737e-01,1.670825324350596053e-01
-4.676016801160244318e-01,-1.279483425040580102e-01,1.668108756059454023e-01
-4.676889522241668429e-01,-1.278069632415044787e-01,1.665339237403687389e-01
-4.678274389091553465e-01,-1.276680185507723386e-01,1.663076347429548463e-01
-4.679227702430465152e-01,-1.275441429139252958e-01,1.660168298354314509e-01
-4.680325590291657400e-01,-1.273812316877130923e-01,1.657585246772074195e-01
-4.681328912229320016e-01,-1.272204912472794380e-01,1.654897562599347283e-01
-4.682524108670400587e-01,-1.270656579853315649e-01,1.652471729246635657e-01
-4.683656669675640427e-01,-1.268650556176599831e-01,1.649865205316551897e-01
-4.684727778012459654e-01,-1.266978918875934224e-01,1.647300808253152615e-01
-4.685752751420972917e-01,-1.265004568078091085e-01,1.644886918300066947e-01
-4.686953665174943273e-01,-1.262966674016723634e-01,1.642293511994645794e-01
-4.688068981628950582e-01,-1.261260990633175094e-01,1.639930397145025476e-01
-4.689072500730857573e-01,-1.259002139270658516e-01,1.637199527526872755e-01
-4.690148343843027479e-01,-1.257078422721536193e-01,1.634832147864262730e-01
-4.691339451967868057e-01,-1.254837151298013875e-01,1.632483493400719299e-01
-4.692323696791330101e-01,-1.252815283581650008e-01,1.629947968068484465e-01
-4.693472916217703572e-01,-1.250510443449051323e-01,1.627148336581140109e-01
-4.694447968631633161e-01,-1.248465980606961456e-01,1.625125369740768877e-01
-4.695600794863600824e-01,-1.246031756565440241e-01,1.622555539230876032e-01
-4.696772670531162985e-01,-1.243864881158019131e-01,1.620077159685091583e-01
-4.697973618131511264e-01,-1.241521822412102738e-01,1.617853486138904340e-01
-4.698784279986701895e-01,-1.239439763048157395e-01,1.615197961443038122e-01
-4.699934338479113682e-01,-1.237189938752159546e-01,1.612725906740310466e-01
-4.701017291466987325e-01,-1.234677288052386662e-01,1.610220695553165604e-01
-4.702239294613902443e-01,-1.232606898491700326e-01,1.607840557941699056e-01
-4.703251877185624097e-01,-1.230251956238007233e-01,1.605551373993100162e-01
-4.704466042177071206e-01,-1.228202164768228549e-01,1.603193654077602892e-01
-4.705575282576364149e-01,-1.225789037609591320e-01,1.600642117123998454e-01
-4.706513354798990134e-01,-1.223657233402863087e-01,1.597919277951804218e-01
-4.707874115274790494e-01,-1.221217218184744158e-01,1.595643345312092176e-01
-4.708830170969567908e-01,-1.219318686695566034e-01,1.593141213207688034e-01
-4.709843213939536311e-01,-1.217052229378171868e-01,1.590616520170183845e-01
-4.711050587064678496e-01,-1.214950294034075617e-01,1.588141097405778579e-01
-4.712055336569943575e-01,-1.212939351495818940e-01,1.585645929474622795e-01
-4.713251155780556201e-01,-1.210579401024199087e-01,1.582869001866726577e-01
-4.714301944881502671e-01,-1.208464234742255006e-01,1.580412714849495082e-01
-4.715374023162965389e-01,-1.206404126672039751e-01,1.577862144397771671e-01
-4.716354759293434062e-01,-1.204480701125480585e-01,1.575202170641082644e-01
-4.717307938605074802e-01,-1.202472769518267981e-01,1.572498390297910609e-01
-4.718456104581193467e-01,-1.200414936575686237e-01,1.569829699714237747e-01
-4.719634275352100894e-01,-1.198441290455386776e-01,1.567116646859335050e-01
-4.720725956738492934e-01,-1.196615159909815429e-01,1.564278587375028395e-01
-4.721781199494975434e-01,-1.194837180450093739e-01,1.561814168706641415e-01
-4.722852436418650268e-01,-1.192968761488121948e-01,1.559256107589583606e-01
-4.723849496263314296e-01,-1.191240036682616188e-01,1.556633882853971640e-01
-4.724959734740811212e-01,-1.189615027672796255e-01,1.553914019044278783e-01
-4.725920751866674596e-01,-1.187949506781126457e-01,1.550965976332540353e-01
-4.726804709456040587e-01,-1.186304734666016880e-01,1.548346840256421275e-01
-4.727761131596471822e-01,-1.184627061905002277e-01,1.545793783904808871e-01
-4.728487879840074237e-01,-1.183104726302968562e-01,1.542859733961494673e-01
-4.729239830769939590e-01,-1.181452646328175621e-01,1.540268394036066191e-01
-4.729835532230297068e-01,-1.179962797845754419e-01,1.537510140676748016e-01
-4.730538736794658861e-01,-1.178174960451973119e-01,1.534845717565818668e-01
-4.730787908482111392e-01,-1.176574032142415904e-01,1.532014740469747338e-01
-4.731390843252225031e-01,-1.174946026091797935e-01,1.529498919973579230e-01
-4.731791552208832186e-01,-1.173370335719166324e-01,1.526564247153610610e-01
-4.732362348604728375e-01,-1.171441339381588120e-01,1.524083459398001550e-01
-4.732648163012879716e-01,-1.170227414172965719e-01,1.521321952737032523e-01
-4.733164817626444587e-01,-1.168210971795226594e-01,1.518806063634866033e-01
-4.733458711663506846e-01,-1.166666389783578422e-01,1.516313269608864367e-01
-4.733756070375388370e-01,-1.165062820164148027e-01,1.513610294684228641e-01
-4.733973197461923688e-01,-1.163399171169648555e-01,1.510890533151791337e-01
-4.734187501754072991e-01,-1.161857462774723709e-01,1.508501422364506295e-01
-4.734335550865229059e-01,-1.160307306180122650e-01,1.505714423357400189e-01
-4.734346752102137068e-01,-1.158746310619648695e-01,1.503101143188981803e-01
-4.734624145314114685e-01,-1.156885448443955300e-01,1.500543782952459548e-01
-4.734504845013571828e-01,-1.155119518876037144e-01,1.497948355636383178e-01
-4.734640465397659814e-01,-1.153752099733216796e-01,1.495365244488686962e-01
-4.735018395649800982e-01,-1.151838279829566214e-01,1.493048003666396228e-01
-4.734775332564857275e-01,-1.150323710690158985e-01,1.490372188605705583e-01
-4.734548149829863051e-01,-1.148570070481990946e-01,1.487593130842728151e-01
-4.734580468314456003e-01,-1.146921580380032557e-01,1.485005143822190621e-01
-4.734477952039269355e-01,-1.145233227900556428e-01,1.482612772282114189e-01
-4.734391399189678551e-01,-1.143615509565072547e-01,1.480224859659423908e-01
-4.734316607368037610e-01,-1.141811646717604128e-01,1.477688725799655711e-01
-4.734124011918156016e-01,-1.140293898378976628e-01,1.475039579018813385e-01
-4.734005307283127850e-01,-1.138330965789495497e-01,1.472524981647183318e-01
-4.733737374636346473e-01,-1.136803147653515506e-01,1.469929458124175914e-01
-4.733467348002424191e-01,-1.135499818491524093e-01,1.467353659969016233e-01
-4.733505197137782838e-01,-1.133613334586787286e-01,1.464947986439898153e-01
-4.733226256934700005e-01,-1.132207273250143004e-01,1.462384699265196764e-01
-4.732967273127716146e-01,-1.130646331792420634e-01,1.459714923657494945e-01
-4.732707206257183441e-01,-1.129299864595658537e-01,1.457119058137845702e-01
-4.732593223778834846e-01,-1.128059750836804265e-01,1.454793507760579196e-01
-4.732425332838227083e-01,-1.126823937992860042e-01,1.452142664460921995e-01
-4.732127076436021818e-01,-1.125598166898256758e-01,1.449617875795231048e-01
-4.731858111552896817e-01,-1.124154068147940888e-01,1.446828712542403417e-01
-4.731888471800677620e-01,-1.122916995323863520e-01,1.444627604567764456e-01
-4.731567264911638593e-01,-1.121886546273616198e-01,1.441865242779698242e-01
-4.731597935218623818e-01,-1.120579268072601081e-01,1.439898512119251184e-01
-4.731382545291809016e-01,-1.119718540704203458e-01,1.437430317097222188e-01
-4.731310591235711183e-01,-1.118422046609683640e-01,1.435044859947477436e-01
-4.730997869129957567e-01,-1.117555998222561214e-01,1.432821635450930442e-01
-4.730938096775386126e-01,-1.116209358569299065e-01,1.430620630556206363e-01
-4.730724300111704417e-01,-1.115321004632046503e-01,1.428532995746039092e-01
-4.730521204410472746e-01,-1.114434378718146268e-01,1.426352073493552530e-01
-4.729872240904720582e-01,-1.113246127253092743e-01,1.423911936216261109e-01
-4.729785902384224805e-01,-1.112373139084043006e-01,1.422200801548526294e-01
-4.729765906228838301e-01,-1.111223265426976720e-01,1.419999082048744865e-01
-4.729459259073449662e-01,-1.109877059005583699e-01,1.417767175469058782e-01
-4.729453875970677235e-01,-1.107135051518256391e-01,1.413035719188371897e-01
-4.729600124595855770e-01,-1.106280914606709992e-01,1.411518891841985202e-01
-4.729012838111608108e-01,-1.105345466872740268e-01,1.409271560419825264e-01
-4.728367350127747337e-01,-1.105973874728025802e-01,1.409897284310430432e-01
-4.728146299575040068e-01,-1.104813423371592551e-01,1.408051563262764094e-01
-4.728578995415062547e-01,-1.102191071028542774e-01,1.403488958713174362e-01
-4.727995115094105749e-01,-1.102764249378111461e-01,1.404147264624453495e-01
-4.727862762719479139e-01,-1.101480936414608730e-01,1.402503230179904525e-01
-4.727906172473895774e-01,-1.098863704108010292e-01,1.397820159472181467e-01
-4.727325510236500272e-01,-1.099359660258486943e-01,1.398515200575424777e-01
-4.727238872277110260e-01,-1.098205834279332438e-01,1.396785861924522698e-01
-4.726979679131008139e-01,-1.096953987225975230e-01,1.394961224206669737e-01
-4.726786295657788850e-01,-1.094260834125558024e-01,1.390629950388259095e-01
-4.726210031587607663e-01,-1.094681081966243225e-01,1.391371741638811055e-01
-4.725854857966981237e-01,-1.093604641729407356e-01,1.389480106614169597e-01
-4.725967367578057243e-01,-1.091011001228856109e-01,1.385407562941387838e-01
-4.725384834123902977e-01,-1.091437114865338315e-01,1.386160270621660806e-01
-4.725160279171483069e-01,-1.088917244259842848e-01,1.381840982320877986e-01
-4.724566707343192951e-01,-1.089354756908143540e-01,1.382582048535948849e-01
-4.724463757087304372e-01,-1.086682995200151380e-01,1.378569332497535938e-01
-4.723873421970518072e-01,-1.085561730527394853e-01,1.376657125076665711e-01
-4.723578708835858841e-01,-1.084551398013092749e-01,1.374929088521730236e-01
-4.722920190504406590e-01,-1.085025395947194909e-01,1.375611574877624310e-01
-4.722515969982866157e-01,-1.084023126978165552e-01,1.373878480471422137e-01
-4.722134560388826507e-01,-1.081843975199061891e-01,1.369839594183656917e-01
-4.721453824608499716e-01,-1.082402280644109704e-01,1.370462809210019062e-01
-4.720979429451481191e-01,-1.080106412231879587e-01,1.366042143630574190e-01
-4.720318967349318995e-01,-1.080762772802094929e-01,1.366622372096120142e-01
-4.719731775083682024e-01,-1.080108025212563744e-01,1.364838995652978837e-01
-4.719487734191351591e-01,-1.078130930886190830e-01,1.360591168013368657e-01
-4.718917255851622916e-01,-1.077658347354145951e-01,1.358681969114607924e-01
-4.718379114871383284e-01,-1.077411227361631668e-01,1.356846557417306087e-01
-4.717898153145371198e-01,-1.076800192571955306e-01,1.355070529941298785e-01
-4.717812129230972706e-01,-1.076752887654994634e-01,1.353615643753960929e-01
-4.717374410339661983e-01,-1.076879418577617875e-01,1.351688664106205084e-01
-4.716878337634159979e-01,-1.076984827285366736e-01,1.349698790991786246e-01
-4.716834406288740733e-01,-1.076799262741779672e-01,1.348067429063260769e-01
-4.716415033465960471e-01,-1.077158347965688906e-01,1.346275408562002951e-01
-4.716139428220988417e-01,-1.078870734085057848e-01,1.346669911884388338e-01
-4.716030777003669683e-01,-1.078440504885441326e-01,1.342627865337756021e-01
-4.715902839194964224e-01,-1.078998244625016673e-01,1.340826953696052093e-01
-4.715650468280073171e-01,-1.080144686968266682e-01,1.338696995304864412e-01
-4.715564044557195578e-01,-1.082329580892426590e-01,1.339081974103437933e-01
-4.715224704145930534e-01,-1.082066937054521061e-01,1.335149682715235098e-01
-4.715390941458859064e-01,-1.082968347360930839e-01,1.333620977079652270e-01
-4.715343753914943981e-01,-1.084555683366988932e-01,1.331777192733284987e-01
-4.715393947047200607e-01,-1.085797532374078445e-01,1.330016066830852217e-01
-4.715595223065711106e-01,-1.087275685650548607e-01,1.328258367131457118e-01
-4.715593062229086474e-01,-1.088659684441761338e-01,1.326507548466716035e-01
-4.715755567571510709e-01,-1.090359899450478037e-01,1.324937998781237636e-01
-4.715819621849437482e-01,-1.092006557927949345e-01,1.322972057878548657e-01
-4.716102342147651116e-01,-1.093565127052438524e-01,1.321292421121460225e-01
-4.716095905714181580e-01,-1.095279215508219856e-01,1.319358110036149556e-01
-4.716158480582463008e-01,-1.096993150304420295e-01,1.317721340973061483e-01
-4.716258168643361337e-01,-1.098865660175651071e-01,1.316166495251542001e-01
-4.716263271772140331e-01,-1.100506665463410749e-01,1.314230140924171897e-01
-4.716320797691048172e-01,-1.102045105859566360e-01,1.312453984940124274e-01
-4.716336232144040519e-01,-1.103879703724252731e-01,1.310535357186335681e-01
-4.716559626368900804e-01,-1.105297610502763150e-01,1.309017555578976810e-01
-4.716350335825804097e-01,-1.107042582673760517e-01,1.307253878518087609e-01
-4.716440194981496581e-01,-1.108630231774576091e-01,1.305765905257454396e-01
-4.716199124994973069e-01,-1.110129619789426009e-01,1.303918856040360841e-01
-4.716062068623212977e-01,-1.111578221335884215e-01,1.302192468548193371e-01
-4.716028325820153522e-01,-1.112979161553388913e-01,1.300538000279362061e-01
-4.715987854230721532e-01,-1.114318204632168685e-01,1.298869648565203483e-01
-4.715694390469332142e-01,-1.115465523416020455e-01,1.297338832563503241e-01
-4.715542606965033579e-01,-1.116806949592688697e-01,1.295887866291267898e-01
-4.715122985578444892e-01,-1.118089759509137970e-01,1.294220091303431297e-01
-4.714702392346519777e-01,-1.119036881123745553e-01,1.292605797683089586e-01
-4.714534835283183956e-01,-1.120311031530030477e-01,1.291437965123474474e-01
-4.714104810275875912e-01,-1.121297496554071738e-01,1.290009761797962784e-01
-4.713698498033642714e-01,-1.122588314854993385e-01,1.290484204258403322e-01
-4.712937712829909920e-01,-1.122983601796402192e-01,1.287144876014339190e-01
-4.712528011643238868e-01,-1.123784976607138941e-01,1.285672390989014424e-01
-4.711817266434898954e-01,-1.124758131803508671e-01,1.284242977118124907e-01
