**** Joint 0, serial number 218080019432: 
  Calibration revision : v7.3.-1296998302
  K_tau    tau_avg  Stiction-  Stiction+  TauMax-  TauMax+  Avg. temp. 
  +0.0974   0.1075  -0.05409    +0.05500  -0.1989   0.1971     +39.96

  Ang. vel.    U        I      Temp     Tau       Km 
    -3.20   +23.966   -2.042  +45.50   -0.199   +0.072
    -1.50   +11.326   -1.469  +45.29   -0.143   +0.072
    -0.50    +3.855   -0.932  +44.30   -0.091   +0.071
    -0.01    +0.202   -0.555  +44.97   -0.054   +0.035
    +0.00    +0.000   +0.000   +0.00   +0.000     -nan
    +0.01    +0.203   +0.565  +43.70   +0.055   +0.034
    +0.50    +3.846   +0.931  +44.99   +0.091   +0.071
    +1.50   +11.281   +1.409  +45.32   +0.137   +0.072
    +3.20   +23.847   +2.023  +45.54   +0.197   +0.072
------------------------------------------------------------------

**** Joint 1, serial number 218070030232: 
  Calibration revision : v7.3.-438766811
  K_tau    tau_avg  Stiction-  Stiction+  TauMax-  TauMax+  Avg. temp. 
  +0.0974   0.1060  -0.06731    +0.06421  -0.1835   0.1723     +40.08

  Ang. vel.    U        I      Temp     Tau       Km 
    -3.20   +23.931   -1.884  +45.96   -0.183   +0.072
    -1.50   +11.307   -1.380  +45.70   -0.134   +0.072
    -0.50    +3.861   -1.037  +44.54   -0.101   +0.070
    -0.01    +0.209   -0.691  +45.17   -0.067   +0.002
    +0.00    +0.000   +0.000   +0.00   +0.000     -nan
    +0.01    +0.207   +0.659  +42.31   +0.064   +0.009
    +0.50    +3.855   +1.050  +45.33   +0.102   +0.070
    +1.50   +11.261   +1.327  +45.73   +0.129   +0.072
    +3.20   +23.801   +1.768  +45.99   +0.172   +0.072
------------------------------------------------------------------

**** Joint 2, serial number 218080020732: 
  Calibration revision : v7.3.-438766811
  K_tau    tau_avg  Stiction-  Stiction+  TauMax-  TauMax+  Avg. temp. 
  +0.0974   0.0990  -0.04887    +0.05074  -0.1813   0.1790     +39.88

  Ang. vel.    U        I      Temp     Tau       Km 
    -3.20   +23.905   -1.861  +45.40   -0.181   +0.072
    -1.50   +11.299   -1.361  +45.19   -0.133   +0.072
    -0.50    +3.842   -0.858  +44.30   -0.084   +0.071
    -0.01    +0.197   -0.502  +44.92   -0.049   +0.046
    +0.00    +0.000   +0.000   +0.00   +0.000     -nan
    +0.01    +0.197   +0.521  +43.59   +0.051   +0.040
    +0.50    +3.835   +0.873  +44.91   +0.085   +0.071
    +1.50   +11.263   +1.336  +45.19   +0.130   +0.072
    +3.20   +23.803   +1.837  +45.42   +0.179   +0.072
------------------------------------------------------------------

**** Joint 3, serial number 118060035612: 
  Calibration revision : v7.3.-438766811
  K_tau    tau_avg  Stiction-  Stiction+  TauMax-  TauMax+  Avg. temp. 
  +0.0762   0.0210  -0.01137    +0.01137  -0.0373   0.0353     +39.08

  Ang. vel.    U        I      Temp     Tau       Km 
    -3.20   +17.452   -0.490  +44.33   -0.037   +0.051
    -1.50    +8.331   -0.372  +44.12   -0.028   +0.051
    -0.50    +2.896   -0.247  +43.63   -0.019   +0.049
    -0.01    +0.221   -0.149  +43.87   -0.011   -0.025
    +0.00    +0.000   +0.000   +0.00   +0.000     -nan
    +0.01    +0.224   +0.149  +43.06   +0.011   -0.022
    +0.50    +2.903   +0.258  +44.03   +0.020   +0.049
    +1.50    +8.293   +0.356  +44.23   +0.027   +0.051
    +3.20   +17.363   +0.462  +44.48   +0.035   +0.051
------------------------------------------------------------------

**** Joint 4, serial number 118060015513: 
  Calibration revision : v7.3.-1296998302
  K_tau    tau_avg  Stiction-  Stiction+  TauMax-  TauMax+  Avg. temp. 
  +0.0762   0.0192  -0.01125    +0.01069  -0.0352   0.0337     +38.42

  Ang. vel.    U        I      Temp     Tau       Km 
    -3.20   +17.846   -0.462  +43.57   -0.035   +0.053
    -1.50    +8.484   -0.325  +43.61   -0.025   +0.052
    -0.50    +2.932   -0.216  +43.55   -0.016   +0.051
    -0.01    +0.226   -0.148  +42.10   -0.011   -0.017
    +0.00    +0.000   +0.000   +0.00   +0.000     -nan
    +0.01    +0.221   +0.140  +42.02   +0.011   -0.010
    +0.50    +2.929   +0.213  +43.71   +0.016   +0.051
    +1.50    +8.461   +0.321  +43.58   +0.024   +0.052
    +3.20   +17.769   +0.443  +43.62   +0.034   +0.053
------------------------------------------------------------------

**** Joint 5, serial number 118060017012: 
  Calibration revision : v7.3.-1296998302
  K_tau    tau_avg  Stiction-  Stiction+  TauMax-  TauMax+  Avg. temp. 
  +0.0762   0.0234  -0.01482    +0.01476  -0.0394   0.0392     +39.08

  Ang. vel.    U        I      Temp     Tau       Km 
    -3.20   +18.023   -0.517  +44.30   -0.039   +0.053
    -1.50    +8.598   -0.383  +44.18   -0.029   +0.053
    -0.50    +3.025   -0.296  +43.69   -0.023   +0.050
    -0.01    +0.261   -0.194  +43.55   -0.015   -0.059
    +0.00    +0.000   +0.000   +0.00   +0.000     -nan
    +0.01    +0.259   +0.194  +43.24   +0.015   -0.060
    +0.50    +3.015   +0.291  +44.09   +0.022   +0.050
    +1.50    +8.562   +0.379  +44.24   +0.029   +0.052
    +3.20   +17.926   +0.514  +44.39   +0.039   +0.053
------------------------------------------------------------------

